27259.6 167.763
34612.2 179.017
19914.6 145.87
24130 164.697
29571.4 173.103
34167.2 175.27
22420.2 156.715
30280.4 175.312
22583.1 158.751
19203.5 147.985
17450.7 144.955
32701 175.689
18082.1 138.381
24213.8 163.635
21881.1 154.759
32494 181.248
17337.6 132.072
15011.7 108.817
27655.1 168.814
17886.9 135.816
30160.6 174.132
32673.1 175.755
24153.4 163.787
30444.6 175.899
22949.1 160.888
19968 147.218
33918.5 176.828
28896.5 172.145
19984.4 149.459
34764.4 175.373
23783.4 164.539
26795.4 169.426
21065.5 153.414
16853.4 126.654
23814.8 161.183
29658 171.151
20000.8 148.774
17331 142.969
32257.2 174.684
23310.8 161.233
28586.5 172.501
34731.2 179.153
19465.7 143.318
30155.5 173.637
20441.3 153.618
20752.6 153.955
22775.2 158.803
30824.9 176.29
34790.9 178.698
32083.4 176.777
19019.2 144.931
15310 109.312
30521 174.138
27457.6 168.113
23761.9 159.487
23532.1 158.386
26685.2 167.902
19032 143.268
18922 144.911
24404.8 162.68
24841.3 163.363
29554.3 174.696
30421.6 173.918
20179.7 149.697
33889.2 177.28
20212.2 151.224
26887 169.774
24602.1 163.033
31980 174.672
24697.6 166.383
33633.7 174.368
28650.7 171.401
25283.6 166.16
30512.5 176.078
30722.4 172.189
24406.3 162.685
19511.5 147.05
26364.6 162.863
20283.2 150.537
17219.8 128.72
33980.7 174.932
31093.5 176.448
20763.7 149.118
29583.3 173.656
28368.5 171.605
24246.1 164.26
30784.7 174.9
33143 175.381
30423.3 176.812
20696.4 150.357
23089.9 160.286
29744 171.95
22552 161.044
20276.5 151.062
18862.5 146.092
28414.3 173.895
34205.2 178.214
15669.8 114.588
27650.1 170.694
19645.8 148.142
24375.2 165.385
20591.6 152.308
20956.4 151.612
22919.1 159.74
20822.6 152.017
23192.5 145.696
30797 176.167
31251.3 175.363
24820.8 162.325
32812.3 178.724
22935.5 158.12
19324.8 143.325
26911.6 168.989
28533.7 171.033
30411 173.143
22814.5 158.356
34754.1 179.944
26439.5 169.202
16420.5 124.829
27951.6 170.741
28678.5 174.1
31793.4 174.435
32194.1 175.457
19442.4 147.061
26942.6 169.508
27228.3 165.699
22297.6 157.144
20711.4 153.538
30218.1 173.023
19062.9 139.961
34258.8 178.864
24190 160.557
32832.3 176.358
26030.4 165.824
22008 158.406
16336.4 122.147
21647.6 154.989
21236.2 152.561
32066.3 174.901
15833.8 123.407
26146.9 166.759
17258.2 130.244
28605.2 172.295
29175.7 171.114
27412.5 168.759
20714.5 151.893
28544.7 167.412
15779.1 116.885
29870.7 170.719
16931.7 129.022
34110.7 179.412
18405.9 139.06
33807.7 173.767
27022.1 166.675
22405.8 159.663
24801 159.978
29714.7 172.04
23976.1 161.957
21824.8 158.438
29849.5 173.816
22780.3 160.938
19611.8 145.699
18032.6 135.179
34138.8 178.168
34154.5 179.387
30374.8 172.953
34325.9 179.557
34211.4 178.03
26944.6 168.144
25956.8 168.53
33414.2 180.402
27360.8 169.362
26479.7 167.963
34339.2 179.239
18712 142.273
18918.2 142.707
15246.2 129.033
15408.1 108.845
33407 176.338
28531.8 170.297
19784.5 145.874
25378.1 164.353
15227.6 109.998
27141.1 170.905
34654.7 176.316
26470.2 164.214
20605.1 150.903
18371.8 142.614
30776.6 173.543
24392.4 162.56
29868.3 173.59
32547.3 179.003
23071.3 161.669
27686.9 171.489
32549.1 173.57
23474.3 161.198
31751.4 172.346
19702 147.938
22044.3 156.619
33451.5 174.204
30503 173.867
15445 107.169
30131.2 173.174
21188.9 153.153
17981.2 136.944
16646.6 124.618
23331 160.865
26136.7 165.459
29665.3 174.773
30707.2 176.113
25791.4 166.413
21921.8 155.83
22582.3 158.82
25575.7 164.249
33691.5 176.136
34552.4 176.992
28812.9 174.03
29638.4 173.619
24037.9 162.578
31372.1 173.474
23117.3 162.667
30912.8 173.449
25551.9 166.962
29595.7 171.893
34464.9 178.791
32569.1 171.705
23817.9 162.633
17215.5 132.676
26237.7 169.432
16725.4 126.312
20566.2 152.647
27235.9 170.062
29524.8 172.697
21872.6 159.619
20315.3 148.232
15123.9 107.243
30236.8 172.509
17119.5 131.649
32614.7 176.766
25559.6 166.578
24485 162.145
34510.1 177.492
22890.2 160.621
34138.8 178.605
23395.8 158.857
31390 174.501
32363.4 174.808
25367 166.898
31996 175.891
17519.3 131.12
23243 162.022
21306.7 150.398
32752.9 177.373
24631.9 162.901
22592.2 156.804
16301.5 125.878
18974.7 142.52
31122 175.791
20957.8 150.959
23268.7 163.361
17343.6 130.789
34196.1 177.876
30470.8 174.523
34573.5 178.585
30122 173.074
28055.8 168.109
25450.5 165.631
30974.8 175.768
26883.4 168.23
30584.2 173.931
29928.4 172.932
34401.9 177.933
30604.5 174.385
16990 131.513
28092 170.749
27103.3 171.774
32564.2 175.346
20569 150.995
16227.1 122.765
23034.5 156.77
33586.3 177.247
18436.7 138.991
22388.4 172.014
31430.6 176.824
24117.6 159.748
26435 168.176
17352.2 132.772
26017.8 168.339
21337 153.272
19032.4 145.292
27911.8 169.023
24592 165.603
28411.4 170.601
23953.4 162.139
20667 152.6
28014.3 169.277
29974.7 173.893
29786.4 172.483
33513.9 177.097
16763.5 126.152
26777.1 169.939
26150.2 167.072
25274.8 165.579
19974.2 147.369
25858.2 167.25
27893.8 168.749
23915.9 162.623
34486.7 174.736
17744.4 137.375
20753.2 151.092
23266.6 160.197
22443.8 160.92
34950.8 180.254
21513.6 154.113
17848.5 134.955
31875.3 175.405
31965.9 176.096
15773.4 115.584
19792.3 150.088
32627.3 176.928
16245.2 119.546
15327.1 0
28623.5 172.066
34478.2 176.402
19394.6 146.536
33067 177.41
32386.1 176.796
31028.2 174.723
25659 166.862
17943.4 138.73
30197.6 174.138
24141.3 162.191
23700 162.443
30896 174.95
16505.7 125.626
19853.2 150.28
32408.5 174.628
21845.7 155.789
26236.6 166.56
18752.9 142.184
27586.1 168.612
15529.7 115.171
30099.7 172.322
21911.5 156.682
25735.2 168.405
20733.9 152.968
27374.1 168.844
19180.6 143.85
27012.3 169.015
28609.5 172.517
27746 170.917
20541 151.811
17723.5 136.108
33293.2 176.872
24830.7 165.225
20657.4 148.366
25863.3 166.29
32994.3 180.161
30952.1 173.778
19081.6 145.039
25933.7 164.317
27668.1 172.468
28934 171.815
24139 166.751
16510.7 115.937
31014.4 172.364
33984.8 174.483
20902.8 154.394
18665.3 139.889
23218.2 162.039
22136 156.245
16744.5 123.598
31617.5 175.713
16848 125.778
17833.5 136.765
21884.9 158.802
25116.1 165.447
17805.4 138.052
22648.5 158.526
31701.9 175.962
16651.3 125.514
18755.9 141.938
22093.9 159.02
22022 157.79
19123.2 143.664
31882.8 176.115
24775.5 167.809
30883.7 175.708
25690.3 165.796
21621.6 156.296
24626.5 163.104
34906.2 177.662
21717.8 156.162
34645.6 177.2
18567.2 142.088
32580.3 176.802
29157.1 172.833
30379.5 171.782
24188.7 159.839
33353 178.305
32491.5 173.927
26535.4 170.063
24172.7 163.931
30278.9 174.219
26956.8 170.482
33532.9 177.729
25300.9 165.831
21909.6 157.3
33587.1 178.086
22999.5 159.007
30580.4 173.799
34361.9 177.505
18077.5 136.579
25537.7 165.295
19184.3 142.675
24958.9 165.563
22762.8 157.663
24292.5 162.469
27012.4 168.499
20965.3 156.724
26902 169.318
33951.6 178.127
27346 171.719
19493.9 145.793
21151.6 150.092
28241.4 172.151
22795.3 156.007
27292.4 171.228
34586.2 178.802
24830 162.03
29991.6 172.891
27059.3 167.288
17533.2 133.306
32536.6 172.699
26876.7 169.616
33105.7 178.241
26455.8 168.053
17049.4 129.858
26222.5 165.965
15263.9 110.749
34326.1 178.127
18612.5 142.516
27260.1 168.585
34010.8 176.984
33220 178.464
20883.1 151.014
27954.7 168.054
15146.6 106.823
34769.5 178.359
15147.7 108.113
34355.8 177.966
33710.3 177.781
24321.6 164.229
29149.1 173.938
31305.1 176.582
28971.5 170.307
29544.6 173.559
27565.3 168.885
18536.3 139.402
33606 176.701
23084.4 159.187
16474.1 124.443
32911.7 175.422
32307.1 176.048
31440 177.124
30873.9 172.928
34699.9 179.129
26983.4 167.128
28544.7 172.036
18236.5 141.569
17370.4 133.961
15503.3 110.435
21872.8 158.455
31702.6 175.749
31720.6 176.917
26685.9 169.737
34033.7 177.986
29255.5 173.257
30169.6 174.35
18627.6 140.282
25067.9 164.575
18001.5 134.196
20477.1 152.227
18852.5 144.739
24331.5 165.926
21621.9 155.082
32354.4 174.133
28501.9 172.067
16503.2 124.92
20535 146.016
32935.2 177.372
20949.5 150.123
24553.7 165.44
18100.1 137.673
22274 155.552
31488.5 175.665
31124.2 175.86
28420.2 170.554
19680.5 147.056
28704.8 172.865
28847.5 172.791
33585.6 176.713
25646.3 167.592
26058.1 164.865
16234.2 124.041
21615.1 155.798
28203.1 169.995
29084 171.682
22851.1 159.963
22069.9 157.208
30731.6 172.29
18099.2 136.38
15080.1 104.442
22758.9 159.634
22279.2 158.176
24402.3 161.394
17140.7 132.189
27907 170.007
20970.9 152.895
23366.5 161.654
31787.8 173.991
20619.9 151.506
26954.1 166.467
16069.9 118.452
25537.2 162.401
30272.5 174.925
23911.5 162.196
31461 173.898
31840.7 176.388
24552.7 161.582
25851.6 167.59
27914.2 171.054
32964.6 176.479
17168.3 128.936
32223 179.156
21565.4 155.001
33062.1 176.376
18634.7 143.188
29575.3 171.039
29476.3 173.206
22465.9 156.611
22143.5 158.467
21597.3 155.501
26885 168.137
28025.7 169.397
26097.8 166.345
26425.9 166.732
29793.7 171.102
21404.3 156.938
18508.5 143.724
30852.3 173.429
29484.5 173.324
32276.8 174.606
30271.2 175.429
22837.6 161.462
34395.9 178.373
20899.1 153.1
32651.9 176.198
29284.4 171.373
17743.7 134.963
20121.3 149.026
23894 164.186
33850 178.729
32182.2 176.092
32459.8 175.179
32604.9 177.221
27893 171.005
21616.8 156.841
34022.7 177.842
31571.4 176.095
18116.1 137.678
22697.7 157.105
29282.6 172.429
21635.3 154.712
19132.5 144.66
26798.9 168.369
30051.6 172.36
29691.8 173.477
25646.5 167.272
21871.8 157.027
23705.7 164.395
21567.4 156.872
25262.4 165.151
23032.1 158.723
29034.6 173.963
30144.1 170.415
23582.6 162.765
15236.5 111.864
28816.7 172.471
21139.5 152.858
26560.5 167.856
16034.2 120.069
15396.8 146.887
32123.8 174.901
34323.2 178.921
25302.3 164.1
26007.1 165.989
29450.1 169.929
31351.3 176.248
24753.3 165.573
26264.3 165.589
28873.8 172.038
24363.5 162.463
34363.5 174.289
17430.7 131.811
33015.4 999999
17830.3 136.284
16274.8 127.206
27559.2 170.495
27606.6 168.515
17642.5 134.42
29385.2 171.73
25134.1 166.531
19044 145.853
26233.5 165.048
17024.2 131.945
19848.6 149.438
32890.7 176.128
31927.1 176.395
27671.8 170.425
23740.5 161.513
28377.8 170.24
29299.3 170.25
22165.6 158.736
25626.2 166.153
29232.5 169.587
17956.4 138.084
29304.7 172.902
16281.1 126.093
24844.6 166.263
17023.1 129.141
15987 119.729
26335.6 166.338
34687 177.623
20074.9 146.781
34163.3 176.977
22252.4 157.291
20236.9 151.565
34299.7 177.623
28726 169.688
28131.3 170.938
26182.2 167.87
21473.1 155.081
27128.4 173.002
28850.6 171.581
33450.2 175.867
19274.8 144.886
16811.5 127.673
15644.3 114.925
16140.3 123.467
24230.6 161.573
21621.1 156.315
15199.8 108.661
26452.8 167.9
22841.3 160.953
22946.6 160.127
32523.1 177.198
26462.7 167.281
31094.8 173.674
19359.5 144.557
25938.4 165.98
34955.5 176.724
23872 166.274
23228.5 158.935
15669.3 115.834
25013.7 164.642
31947.9 177.301
28669.4 171.306
25000 168.138
23945.9 161.867
22512.5 157.796
26012.1 166.501
26055.7 165.652
26121.9 167.212
24708.4 163.222
20818.8 152.643
15461.3 116.144
27371.7 170.076
16855.5 129.128
34382.5 177.94
24445 164.894
27777.6 167.333
33627.6 175.919
26101.5 167.628
30350.4 172.545
16609.5 126.475
22377.3 158.068
23414.9 160.868
29512.5 172.058
25622 169.483
18743 141.287
32190 173.576
34311.1 174.586
20749.2 151.374
15270.4 116.548
32640.9 177.043
26953.5 168.152
27636 165.925
27031.5 167.968
28094.5 173.129
19569.1 154.442
33748.3 173.951
17021.1 129.574
31069.8 174.743
22124.3 152.801
33111 175.605
25204.2 167.538
29073.7 172.476
17777.2 136.228
22893.4 157.941
22987.1 160.009
28546.3 171.126
24927.3 165.538
29782.4 172.334
23702.7 160.888
16904 128.97
23008.2 158.906
30512.4 174.959
18300.1 140.052
32593.3 175.52
26407.4 169.867
27430.9 169.87
34626.8 180.219
22207.6 158.291
34453.8 177.614
31897.9 175.818
22681 156.511
25663.9 167.412
22619.8 157.444
25543.2 164.173
27773.7 171.834
18704.4 140.66
24158.6 162.671
20081.2 148.431
33820.7 178.755
19782.6 147.374
24134.9 164.955
31143.3 172.41
26090.3 167.568
18955.9 146.227
22067.1 159.129
16264.8 122.377
27381.9 170.193
26193.4 166.741
23092.1 160.394
27418.2 170.953
33515.7 178.998
29200.8 172.741
33600 177.034
25685.7 167.553
27828 167.545
27295.2 171.648
32334 174.104
21947 155.636
32710.2 178.427
19070.1 141.587
25746.6 164.257
21699 159.23
34257.6 175.242
18756.3 144.442
21051.7 153.563
29017.4 172.217
23124.2 160.815
32857.7 176.761
31784.9 174.268
25499.6 166.451
26634.5 168.785
15030.8 104.32
32302.2 176.294
31618.8 174.795
20447.8 150.232
31143.2 175.045
29218.1 171.319
28278.2 172.176
22893.5 159.214
33969.4 176.002
19591.4 146.873
30152.5 175.198
34501.6 173.682
27415.2 169.247
22894.5 159.975
31592.4 178.399
19303.6 144.731
16567.2 123.429
31780.6 174.511
25870.1 165.182
24629 166.682
27411.2 168.455
27199.6 168.205
19137.5 146.865
19203.3 142.968
26462.1 166.295
30412.8 174.748
22176.4 157.655
26392.5 172.19
31237.1 171.554
31317.4 173.333
17539.3 131.017
25414 168.316
26727.9 169.315
19489.2 146.746
26820.5 168.623
22416.3 157.66
30998.4 176.566
28600.4 173.408
26535 170.385
18285.7 135.359
29431.5 171.698
27979.2 168.047
28612.6 170.82
32337.8 174.799
27123.8 170.692
29831.8 173.038
30898.8 174.007
21457.4 155.149
24733.9 164.523
23100.4 161.686
28359.1 170.953
19262.6 143.457
27709.4 168.593
30845.3 172.926
22565.5 159.164
33322 177.295
26178.4 164.881
28144.5 171.255
34165 177.853
24229.4 161.776
17251.3 129.561
15680.6 111.637
31907.9 173.83
17124.9 130.77
20033.7 150.839
21349.9 154.812
24239.6 164.233
20367.4 152.171
15326.5 112.706
33753.5 176.141
33292.1 178.828
31930.7 175.603
31236.9 174.637
32470.8 175.138
33690.1 174.015
30689.7 175.923
26279.1 168.917
18172.7 140.503
34720.4 179.592
30612.4 174.443
34118.7 176.931
25948.6 164.404
29528.1 173.37
23408.9 160.29
17135.8 134.173
34398.7 177.329
27583.1 171.842
18807.6 141.161
27284 169.123
20779.8 151.378
16603.4 126.076
18056.5 134.902
32944.9 173.332
33137.3 175.587
24168.6 162.147
29565.8 174.122
30267.3 173.187
32742.5 177.709
28021 171.684
15194.6 104.418
24262 161.162
17126.2 128.988
22695 161.922
31156.1 176.514
29282.1 172.389
28517.8 170.213
30064.3 175.101
17729.3 130.823
30830.1 174.378
29746.5 173.742
21996.5 157.082
30937.7 174.966
32180.7 176.781
20633 153.862
19952.6 148.883
24861 164.06
30264.7 174.437
30645.8 173.055
23849.7 159.851
31198.2 176.337
23342.1 162.036
20906.6 151.922
25173.9 165.579
30164 175.072
15400.2 134.285
28033.8 168.381
21695.3 155.59
16461.7 121.456
25619 167.647
16807.7 125.003
30937.6 172.757
16591.9 128.289
32909.6 179.657
34790.7 178.129
33249.6 177.369
20550 156.738
32346.7 173.324
31516.5 173.148
23789.6 164.808
32462.5 175.513
21685.1 155.58
23727.9 163.168
32508.4 174.339
16609.2 126.325
19137.8 144.155
19668 148.848
24644.8 165.271
18502.4 131.856
18535.9 126.955
31521.6 174.529
16944.5 128.87
31439.2 175.486
22375.6 158.395
32621.8 173.778
20624.2 151.012
21337.7 157.862
19118.1 151.354
33022.8 176.396
19806.6 153.733
30551.8 172.426
25971.2 166.911
23067.8 160.614
23903.2 163.88
33704.5 178.116
31916 175.53
28766.7 173.354
17802.5 134.961
15797.6 118.158
32533.1 176.019
33371 178.332
24219.2 161.499
31634.1 174.149
31162.4 174.437
18493.8 137.826
17722.5 132.41
31167.2 173.951
31308.8 174.251
22848.1 157.773
20584.8 150.693
27553.3 165.855
29381.7 171.239
30581.6 174.737
33161.9 174.408
24518.7 163.399
33990.1 176.53
31159.2 173.65
18576.7 138.539
30572.3 173.229
34736 178.631
23211.9 161.743
20193.5 150.635
20734.5 152.653
22858.1 160.494
33152.2 177.007
29579.5 174.476
21776.3 156.031
30406.4 172.925
30206.4 172.702
28468 170.214
30821.1 171.261
34807 178.885
33039.6 176.751
30193.6 172.723
31283.2 174.493
29383.2 173.178
33488.6 177.241
25969.5 166.91
32348.2 174.899
23304.6 161.194
20835.5 153.859
33331.1 177.66
19638.6 149.365
19358.5 142.941
27387.2 169.071
23291.8 158.491
34387.7 179.609
17653.6 132.844
21962.7 156.646
34201.2 178.754
26624.4 167.921
34181.3 176.548
33550.9 177.421
32318.3 174.883
31907.5 174.702
23480.9 160.41
18175.2 138.58
27873.2 171.436
29935.2 175.769
20105.6 148.869
19220.8 144.147
25782.8 167.207
33611.1 176.406
17871.8 135.642
24797.4 164.73
25019 164.893
16608.9 124.05
29483.6 172.836
32374.3 173.577
22478 158.474
27445.8 170.976
18913.9 144.268
30288.6 172.487
16511.8 121.915
24732.6 166.919
18718 135.724
24178.5 164.356
18477.9 137.416
25886.9 167.71
30748.2 174.223
19804.6 148.963
26717.4 169.099
27498.8 169.318
18227.1 138.152
20556.2 149.26
22385.3 157.389
33651.8 177.825
29130.9 172.675
34684.4 179.548
34535.5 177.897
33895.6 178.261
28868.2 173.622
25342.5 165.214
32278.1 176.389
31197.5 173.729
31783.7 178.769
28678.8 170.926
18553.4 141.26
19919.8 148.136
31266.6 175.932
30648.2 173.278
19129.2 146.85
25214.9 165.435
21825.6 158.047
27949.9 165.076
18494.9 137.978
26426.5 169.659
32488.8 176.757
24332.2 165.072
24797.3 166.536
23579.5 161.803
23261.1 160.706
21917.1 157.57
28413.4 168.989
15991.1 120.935
24861 164.45
33526.6 176.472
17557.7 128.571
32539.9 175.724
29052.5 170.01
16017 123.007
26652 168.031
30171.4 172.953
22296 157.259
16313.6 120.991
23304.2 162.846
31131.3 171.854
24013.8 162.929
27009.2 169.099
23818.5 160.776
25846.6 167.033
19305.2 145.275
21167.2 152.112
21270.5 152.184
25539.7 164.808
27628.4 171.894
20223.3 148.89
19838.1 144.711
28523.7 169.511
34418 178.802
21790.1 155.883
22337.5 158.12
27691.2 173.734
29689.8 172.677
26109 166.295
28528.7 173.07
23891.8 162.355
20233.6 148.735
16139.6 119.133
22035.2 156.92
18154.5 139.158
25801.9 168.203
18470.4 140.103
19952 148.728
27084.8 165.955
18455.7 137.956
27942.1 172.225
26330.5 167.322
24353.9 166.976
28650.5 170.695
33042.6 176.813
31431.8 175.817
34206.5 176.843
26539 170.771
28356.8 169.41
33817.7 173.208
16899.4 126.178
18091.1 138.436
15542 114.211
26931.8 169.35
15865.8 117.521
33446 176.427
33149.8 178.402
34089 178.659
32269.5 173.679
30590.8 175.546
26083.8 167.592
32136.9 174.726
28512.8 173.264
20677.2 153.457
21012.9 153.42
20643.1 151.383
33089.8 178.527
32603.9 172.483
19521 145.491
32965.6 176.756
32580.9 175.652
29475.7 173.883
30976.8 174.342
19094.9 145.006
27855.6 173.235
31793.4 173.916
26321.7 167.486
25059.6 136.2
19562.5 144.167
21258.4 154.444
19225.4 143.687
25054.8 165.123
26243.8 167.474
32293.6 175.8
32585.5 178.297
23688.5 161.74
16520.3 143.49
17557.5 134.793
30010.6 173.449
25008.8 164.276
19997.5 150.02
33776.3 174.912
17398 132.816
18209 138.108
31916.7 174.369
33594.3 175.885
25796.1 166.656
21459.7 154.977
20210.8 147.784
17778.2 136.491
34474.1 177.397
31165.5 173.617
27475.5 174.837
26150.2 160.292
19339.4 144.514
33574.6 175.698
23639.7 162.136
24042 161.104
32789.9 173.957
21447.5 151.375
32783.1 197.832
30634.9 173.944
32506.9 175.715
17289.9 128.768
22106.1 162.79
25877.5 166.409
18044.8 133.875
26974.3 169.794
29547.9 173.205
18033.2 138.056
24122.5 163.958
34332.9 180.555
25584.3 166.077
30890.1 173.515
31723.8 174.691
17907.8 136.601
30243.3 173.116
18007.3 136.597
18813.2 144.491
31449.3 175.969
30172.8 171.916
29094.1 172.32
25018.2 163.777
23673 164.502
24388.2 164.265
18484.6 140.634
34534.3 176.294
18458.6 141.931
33483.3 176.064
34543.7 177.902
17025.3 129.108
23427.3 163.522
28665.5 173.536
26264.4 166.28
29352 173.225
29580.2 172.47
28300.5 171.543
27122.5 171.85
17255.9 131.581
22482.6 160.109
24845.4 166.698
30818.4 176.206
21417.7 154.056
27203.1 169.103
17989 137.642
30358.5 173.5
25282.8 167.704
22552.5 156.169
30160.9 173.711
23434 162.788
27941.8 169.361
25878.7 165.334
17893.1 135.909
23808.2 164.655
18552.7 143.394
22343.6 157.75
18726.5 143.443
15584.1 110.182
34526.8 177.401
32830.9 175.828
18628.3 139.3
15796.3 116.612
32125.5 176.067
23996.8 162.357
18078 137.221
22822.9 160.815
21063.6 153.519
15687.4 115.763
26882.8 169.756
17016.3 128.263
16927 124.487
19495.9 145.478
33380.9 178.102
16741.4 126.043
20654.4 153.23
19712.8 149.784
24528.8 165.027
32362.8 175.784
27741.6 170.376
33533.6 176.212
17396.6 132.998
17050.3 132.854
31880.9 174.602
31927.4 177.952
28035.4 169.869
27119.1 171.07
22440.7 157.95
34515.9 178.583
27191.3 168.478
27384.6 172.205
20503.9 151.173
31515.6 174.5
28326.8 170.741
31260.6 175.184
24314.9 163.197
34700.1 175.694
21656.6 0
32042.8 178.435
24394.2 164.182
20505.8 151.974
24796 160.178
23882.4 163.176
25349.4 166.197
18339.5 137.611
25479.8 165.887
31773.2 174.904
20194.6 149.94
22103.8 159.025
24646.2 164.369
20257.1 149.319
15796.3 110.947
22591.5 160.238
15042.5 104.778
31715 176.173
25889 165.172
30254.9 175.034
17370.4 133.845
22464.4 158.043
26201.4 167.124
21926.2 157.586
33435.6 178.553
22389.7 157.26
24915.9 164.264
21456.9 155.153
28956.5 172.771
31026.3 174.661
21455.1 153.64
32793.5 177.648
17264.3 133.194
28449.6 170.596
21338.5 154.736
29069.8 170.447
30117.1 175.542
32741.7 178.622
33896 179.078
20287.7 150.757
28057.7 170.359
23910.3 160.403
24845.5 163.747
20514.3 155.461
26746.5 168.598
32002.9 174.704
23712.8 163.157
31841.3 174.761
21965 157.566
23091.2 160.756
25588.5 166.036
29600.2 168.134
15544.8 108.271
18626.1 141.958
20476.4 151.085
18247.3 141.826
22287.4 157.088
34984.9 178.003
19357 145.553
26575 170.525
15940.3 114.998
29099.9 171.415
31436.1 175.014
29348.4 172.136
24047 163.257
18385.4 138.513
31713.7 177.774
16663.9 130.283
22554.8 160.009
30688.2 172.946
23821.7 160.641
31882.2 176.265
29746.8 174.652
18801 142.697
17568.7 135.449
34543.4 177.676
30768.7 174.126
30553.7 173.889
25775.5 163.942
28469.8 169.623
22297 157.332
32923.9 175.882
18756.5 143.482
27065.5 170.314
15834.4 115.464
16708.6 124.242
27898.3 170.037
31710.8 174.414
32572.8 174.918
26306.4 169.296
34669.8 178.799
29159.6 171.362
29613.8 173.574
25974.7 166.087
31180.8 174.781
34826.9 180.461
28349.8 173.272
27339.2 173.211
34242 178.022
24850 166.098
21398.1 152.865
26849.2 168.467
25458.1 167.346
24624 164.948
29264.5 171.749
34784.5 178.092
17987.6 138.938
30336.6 173.695
33667.7 176.035
17292.7 133.672
25395.3 165.259
30256 173.244
15435.9 111.504
23185.8 157.239
34459.4 176.43
29575.8 171.322
22487.3 159.723
27153.7 171.005
27699.1 170.787
25499.4 166.518
25318.3 166.347
27109.6 169.344
17734.4 131.342
26171.9 166.41
17681.5 135.729
22827.5 159.978
20325.9 150.091
19453.6 146.291
19290 145.327
25963.1 168.723
31036.1 175.116
27622.9 171.007
22522.2 159.066
16193.9 121.051
24498.6 162.553
34331.5 176.847
32286.9 176.472
22993.1 158.801
28713.7 174.592
26452.5 166.237
31288.3 176.819
30675.9 172.036
23748.4 162.648
33963.3 178.224
21498.3 155.19
21721 153.064
16362.8 121.842
15158.6 107.954
33038.7 174.54
16304.4 124.271
27605.7 170.25
23208.1 161.971
25975.6 169.347
24710.6 164.173
31342.4 174.024
19653 147.799
27235.3 172.128
16088.2 122.227
29248.3 171.897
20695.8 153.15
22062.2 158.794
31614.7 174.391
15792 116.9
17744.7 133.607
28784.6 172.493
26913 168.12
33891.2 176.307
24672.8 166.222
22151.7 156.985
22401.9 161.013
25079.1 166.352
26709.8 167.877
21489.2 157.123
32392 176.153
28740.9 170.904
28318.9 171.807
29751.3 173.723
26993.3 169.396
32618.2 174.852
30871.4 173.95
24457.5 163.762
29502.6 171.67
22312 157.601
17373.6 132.189
31081.8 175.398
15474.9 109.328
33624.2 175.763
33057.5 178.33
17206.8 131.45
32938.9 176.302
24111 163.592
32658.5 179.524
24539.3 157.159
29940.8 173.433
21654.4 154.727
21839.3 153.923
19161.7 144.719
18569 142.053
23889.7 161.867
24975.8 164.868
19522.1 146.585
18111.6 138.991
30864.5 174.433
30940.9 174.266
17603.9 132.786
26271.4 166.488
30652.4 173.626
30582.6 172.365
29761.7 173.24
21905.3 154.397
30720 172.304
33285.8 176.106
30090.2 173.78
24484.2 164.046
23699 160.709
32549.6 177.043
25755.8 167.187
24255.7 164.589
18615 137.302
20324.7 147.857
26725.3 167.358
21514.8 153.438
29850.9 179.013
26234.2 168.632
32466.7 176.823
24020.2 164.2
20261.3 145.853
27095.2 167.849
30696.9 171.327
20511.7 148.749
16214.1 125.242
20553.9 151.32
24219.1 165.806
17588.5 133.715
23918 164.45
29351.8 171.948
27539.4 169.318
30920.5 172.125
21182.9 156.683
27180.4 167.954
29224 169.909
30443.8 172.123
23556.8 163.239
26577.2 166.302
15160.7 111.548
30558.3 171.498
18049.4 136.67
29692.5 172.859
33570.4 174.608
28170.8 169.061
23852.7 164.381
22733.1 158.407
27870 170.887
18814.1 151.524
19571.5 148.867
31451.7 175.108
28543.1 171.94
24738.1 163.938
34448.2 178.14
29651.8 172.809
28600.2 171.951
28712.4 171.101
30432.8 174.651
15494.2 107.295
16546.1 124.596
20766.8 150.819
21761.3 157.654
17423.3 130.029
21278.7 153.956
21212 153.552
31313 172.19
27182.4 170.023
27419.8 170.28
24536 164.116
21405.3 149.329
16576.8 122.768
25699.4 166.156
21247.3 155.574
26762.9 169.241
32497.6 175.613
31552.1 174.857
25665.3 166.587
26126.2 167.95
19649.7 142.054
16816.7 125.264
30740.8 174.424
15747.7 114.292
34762.2 177.551
15387.6 105.497
28857.5 171.875
19914.5 149.004
18400.8 142.351
18783 143.347
19252 147.332
28565 173.179
19851 149.247
19509.6 146.65
26084.3 167.658
32630.6 175.443
22040.6 156.867
34949 177.753
26769.9 167.152
15350.8 104.136
17633 142.037
19602.3 147.811
32990.5 178.255
22242.4 154.278
33778.2 177.598
24133.5 163.199
29245.7 172.038
22674.2 158.664
19800.8 149.942
29603.3 172.292
22632.1 160.979
18377.5 136.888
19876.5 150.567
33702.4 178.875
21536.3 154.39
27505.9 169.898
17620.4 136.506
28530.4 170.42
26835.3 171.707
28604.8 169.791
17351.1 138.114
33965 177.5
21858.7 157.791
29464.1 171.42
27689.8 169.367
27515.8 168.77
24303.2 162.549
33085.7 176.967
23174.5 161.029
19678.9 147.636
21320.8 153.913
31517.9 175.007
26773.1 169.338
18808.5 143.245
25459.1 166.017
27848.6 170.967
20047.1 148.089
19634.1 146.16
20277 152.463
34352.8 176.907
30769.5 173.266
20071.7 150.379
19865.5 147.708
29080.9 172.292
17674.4 135.862
34549.7 176.903
32977.2 174.792
33798.9 176.59
28430.5 171.048
33422.4 179.432
26544.8 168.792
25507.2 165.481
20302.8 150.896
31794.6 174.352
26025.1 167.766
34890.9 178.301
15149.5 103.242
20948.6 153.38
27376 171.369
29978.8 174.545
25298 165.677
21342.7 153.833
23103 162.725
31070.7 173.153
26465.4 165.698
15935.1 122.749
28639.5 169.038
26493.1 168.432
21615.3 155.804
32330.2 173.598
19763.2 147.636
30534.6 171.637
34876.1 177.722
21935 156.704
20975.2 152.295
22309.6 155.766
30920.9 173.783
22883.3 158.283
22892.6 158.712
20648.4 152.315
17929.7 141.668
27972.9 172.286
20031.8 147.689
24767 165.251
27202.7 169.205
25043.5 165.587
20445.4 153.114
18648.1 139.992
21880.1 154.956
27027.1 171.306
21904.9 156.562
23635.1 161.669
32780.7 174.066
30666.3 171.491
17303.9 130.795
29886 172.293
24901.3 166.232
22243 156.673
17139.6 131.245
34652.6 179.414
26132 166.689
31738.4 174.803
30319.8 173.164
24613.9 163.783
16659.6 128.806
32527.9 178.84
18250.7 138.213
31128.1 175.234
32458.4 178.207
24765.4 164.889
19977.7 148.745
27117.1 169.743
31673.3 174.491
16108.3 115.513
21220.6 154.136
30918.8 173.706
20435.2 148.852
27464.7 167.104
26049.5 167.797
33373.3 177.415
34079.6 177.792
34330.5 175.954
18892.7 143.385
21338.2 152.932
16327 125.828
34736.8 174.779
22652.9 156.258
23908 163.375
27549.5 168.262
24148.6 161.087
32927.6 175.274
24200.1 163.871
27005 167.534
21198.2 151.353
16643.1 128.146
26746.9 167.169
16414.2 122.296
25647.6 164.917
15644.9 112.85
28353.4 171.413
18957.1 139.562
19206.9 146.554
32654.2 175.673
32101.3 175.082
30422 174.556
23114.1 157.151
32662.8 176.005
33601.7 175.803
17995.5 134.318
24013.9 163.866
19525.9 147.397
15001.8 102.079
17965.6 136.391
28081.7 168.918
20248.7 149.264
28584.3 171.096
29829.8 171.654
33932.5 177.942
26955.5 166.166
33057.2 174.396
26234.9 165.862
26769.9 167.071
21710.9 156.245
20796 152.406
31539.6 174.615
29601.3 172.807
26642.2 170.588
20730.1 151.637
26483.8 172.022
22446.5 153.584
32100.8 175.955
25631.3 167.048
30757.6 174.985
15932.3 109.545
29195.9 171.302
33950.7 177.065
15782 120.132
19254.2 143.187
34729.5 180.045
15550 115.905
24102.4 163.82
15474.5 112.694
30026 173.259
17801.2 136.557
25525.7 168.506
31344.8 175.205
30767.2 174.748
17088.9 131.189
28668.5 172.9
29475.1 171.936
28901.4 172.828
27833.5 170.708
20061.2 148.554
28005.1 168.427
31644 176.033
28508.2 170.885
20710 152.783
24704.6 165.147
21174.2 144.703
15418.5 111.027
16027.3 120.655
18897 141.361
28799.6 169.119
25537.3 165.881
25376.8 165.557
29758.5 171.228
25604.3 165.984
22639.1 148.503
28942.4 170.643
17295.9 132.591
34723.4 176.907
27645.7 169.826
28688.1 170.362
26143 167.13
23414.7 999999
29526.6 174.93
18257 135.152
32927.5 177.883
34323.1 177.166
32308.7 175.011
19616.1 149.613
23477.6 162.392
21811.8 154.717
18509.9 137.813
33068.8 176.239
20879.2 151.037
24636 167.601
34538.2 180.354
32212.7 176.959
34890.7 177.517
20515.3 149.819
33307.4 176.439
26247.6 167.863
21124.3 151.692
24737.5 166.898
25359.9 165.706
15745.4 119.069
24480.5 163.117
28250.9 171.859
27781.7 168.829
33651.1 180.302
19369.1 145.921
26701.1 162.815
33955.6 177.718
15263.3 115.901
24606.4 164.414
19395 149.41
17640.2 135.938
34757.3 177.23
24415.5 163.689
30851.7 173.817
28677.3 171.432
31094.6 0
19277.4 147.468
30140.3 173.765
17727.2 139.024
29794.8 173.875
30160.1 174.273
30023.2 174.254
19720.9 148.185
21537.9 155.97
21534.2 152.37
28766.8 174.382
26769.7 168.887
28760.1 171.792
18339.5 139.335
25366.7 166.497
29754.5 170.096
19084.2 144.478
33492.9 176.326
22761.4 161.4
16457 124.717
24289.8 163.492
32535.3 175
26240.6 169.342
26341.3 169.441
30690.2 173.98
34861.7 177.886
23527.1 162.612
27699.3 170.441
20284 151.437
26209.1 167.447
17854.2 136.834
22904.3 161.248
34256.9 174.216
30019.2 173.304
23001.2 157.042
29537 173.464
23359.2 161.867
17849.2 136.789
23805.3 162.876
23299.2 161.143
26314.1 166.599
32983.3 174.117
32575.5 175.176
21403.2 154.904
18538.4 142.06
34435.6 176.168
28067.4 169.01
27979 172.458
33506.3 174.917
34180.7 175.758
26220.1 170.085
15279.1 113.463
28144.6 168.881
18446.4 140.694
29522.7 173.573
33313.6 176.409
30881.5 175.334
18999.5 142.605
15586.1 117.251
28577.9 172.321
26118.2 164.752
22495.3 159.725
27886.2 170.954
22666.9 158.33
24618 166.455
33742.6 176.9
21506 155.789
25502 163.391
16278.5 126.48
18063.5 139.681
34544.1 178.215
18135 135.716
16173.7 120.911
23460.1 160.802
25797.3 164.309
27177.8 168.572
25135.7 168.217
17687.9 135.81
27933.3 173.323
26470.2 165.513
27747.1 169.572
17954.2 140.881
26745.8 168.529
19100 145.306
23708 160.978
21818.8 156.608
32653.4 175.493
23004.8 159.615
22188.4 0
29151.4 171.339
20366.7 150.129
25213.4 164.2
31897.6 169.362
28286.4 174.022
23642.1 161.67
34130.8 178.169
20150.3 150.309
19712 147.856
18954.4 146.678
17354 133.288
25535.7 166.903
33135.2 177.944
34870.6 178.105
23961.9 159.696
22715.6 158.162
23152.7 160.62
22749.8 159.014
21531.1 155.559
31784.7 176.884
19269.3 141.851
34806.2 176.263
19572.8 148.557
19794.7 148.613
19745.6 148.18
32781.4 173.371
34731.6 176.865
24880.2 169.924
24564.3 163.505
30797.7 172.494
27544.9 169.886
33174.2 176.775
30810.6 175.453
28674.7 172.422
17181 129.63
31961.5 175.89
21308.3 153.234
15351.3 112.093
33934 176.351
31738.4 174.699
27651.3 169.729
31198.6 171.703
29194.5 170.919
26279.7 165.303
20628 151.301
17986 135.993
26410.3 170.548
23587.8 160.426
19992.7 149.218
24139.1 161.221
28263.5 171.69
32464.2 175.413
20203.6 149.788
33619.7 177.2
30321.1 173.059
21097.5 156.841
32271 174.481
23975.1 161.609
31164.1 173.839
27423.6 171.818
27409.8 171.496
30135.4 173.147
19745 151.792
26999.2 169.891
30843.6 175.087
17776.2 138.115
30074.9 173.172
29210.8 169.092
18565.2 141.089
33774.8 177.006
20768.9 152.606
33610.4 174.477
34529.2 178.491
29741.4 172.538
34490.1 176.851
32704.2 173.731
30000.5 172.777
28801.1 173.538
22094.3 157.082
33345.5 177.024
22549 159.15
30808.3 174.308
18797.5 143.746
30274 174.407
24435.5 163.7
18655.2 139.739
27280.2 168.633
32972.4 173.674
23003.8 163.024
29564.5 171.513
26805.4 168.686
19678.7 146.217
17948.8 137.084
21329.7 154.726
15976 117.725
33554.3 175.159
20284.4 152.796
31862.8 167.028
30119.5 172.325
21776.7 157.758
34426.8 176.877
28361.5 170.256
20177 149.938
32577.8 176.188
26925 169.626
27649.7 169.434
15906.6 116.204
21365 156.737
23747.9 164.78
32808 180.369
23095.6 162.117
18559.3 140.062
32760.2 176.146
33236.6 173.242
27220.1 166.711
31501.3 175.922
17872.3 0
20477.9 152.663
27395.6 169.332
33333.2 178.081
29845.5 172.024
16024.2 116.831
30579.8 174.42
20377.7 153.581
29919.4 174.213
32379.3 175.889
28729.7 171.786
29762.2 171.709
15923.1 119.785
32678 177.737
28583.4 169.856
31265.7 174.265
20473.2 152.888
22837.5 160.521
19570.3 146.491
25755.4 165.957
27294.4 168.914
27697.3 169.711
34687 177.764
32189 177.506
18801.1 138.316
32568.4 172.332
17961 136.628
34881.4 177.325
33105.2 178.661
26703 166.747
16092.6 124.316
15181.9 109.498
19121.5 141.696
31914.9 175.906
33810.5 177.613
31531 171.667
21479.7 153.771
23808.7 161.156
19056.7 143.806
27748.6 171.804
28720.2 172.29
31909.6 175.925
22195 156.456
26057.3 169.815
33905 177.1
30368.9 174.203
25746.9 168.648
19853.6 151.557
21527.2 154.613
23882.3 161.25
18706.5 137.825
23031.3 162.152
20710.2 150.4
23079.6 157.406
27320.3 171.708
25034.1 166.302
15063 117.219
27981.8 169.812
16238.3 122.484
26096.9 165.677
29704.7 174.047
30540.5 175.18
17150.4 130.374
19907.6 141.897
26715.7 168.546
34166.4 178.687
24210.8 163.258
33315.6 177.492
24059.7 162.839
25965.5 166.768
16495.4 122.061
32951.8 177.63
17150 129.944
34482.3 178.881
32024.4 174.173
16859.7 128.644
30704.5 175.281
30016 172.34
15279.1 112.307
24765.2 163.049
31566.5 174.682
30016.2 174.612
24269.4 163.091
30453.6 173.604
15038.2 109.455
28850.6 171.621
17399.9 131.059
24143.4 164.305
23213.5 159.477
23237.3 160.15
31304.6 174.225
22058 154.513
34620.4 175.14
24610.7 163.226
22515.1 159.829
31899.6 174.562
31503.6 175.795
26835.9 169.469
33605.6 177.105
21448 157.086
28002.1 170.12
32164.5 999999
19573.6 145.374
33529.7 176.894
27493.8 172.81
19246.5 142.416
23932.1 165.028
15336.5 110.046
22540.2 160.845
32174.7 175.113
23264.4 158.854
22989.1 160.339
30460.1 172.775
32098.1 175.308
18776.5 139.094
32827.3 177.035
21589.1 153.075
25956.7 166.82
33837.6 177.6
25581.3 166.751
18506.1 142.162
20353.1 152.266
20048.1 152.308
30323.1 175.759
31756.6 173.23
18881.3 143.374
26891.7 167.544
31926.4 174.959
26371 168.022
21144.6 154.276
15744 117.375
22057.7 153.617
30267.7 174.782
24774.2 165.84
30589 175.915
22414.2 157.871
32804.8 176.516
15594.7 114.838
15696.4 116.162
16006.7 120.523
19317.7 145.656
26840.9 168.356
32444.9 180.415
26536.5 168.09
16603.9 120.995
26052.1 167.354
33908.2 178.498
27496.9 167.762
16111.5 120.553
29807.9 175.762
34297.4 178.683
30725 173.664
17504.8 129.753
27504.3 169.807
17066.6 133.001
21074.1 152.829
30750.4 171.255
23382.3 162.996
32726.2 176.573
32795.8 175.372
19745.6 148.435
30087.7 175.549
16015.2 117.175
15627.6 115.147
19740.1 143.555
19283 148.055
29633.9 172.722
26628 167.281
16458.1 123.256
22278.2 158.672
31131.8 176.84
30540.1 174.564
27371.1 169.313
20705.8 154.249
33804.2 177.776
19528.4 146.63
28571.6 170.929
32883.2 175.697
20215.5 151.483
22556.7 156.886
29338.3 172.198
22582.9 156.619
30603.3 174.008
25353.5 164.508
15263.8 111.388
17032.6 135.141
34588.1 175.794
22756.5 158.313
16356.9 124.373
20717.5 151.074
27364.2 170.79
23562.6 163.127
17020.7 126.685
30680 173.278
33370.4 177.773
16825.8 132.585
34753.9 175.874
18898.5 144.673
27105.7 170.319
20689.7 148.588
15148.2 104.953
23684.7 160.673
16669.6 126.427
24358.7 162.54
33852.3 176.259
32548.6 176.839
31699.2 174.039
29145.5 173.98
19410.9 148.959
23220.1 158.826
24671.2 165.751
24074.2 163.787
23837.1 162.297
26083.9 168.795
25125.4 165.612
32941.7 176.935
24489.5 162.676
28543.3 169.146
21194.4 152.665
21927.9 160.29
28752.4 171.056
19719.7 147.945
22194.1 158.158
32293.9 172.485
25353.6 166.83
31110.8 174.602
22316.4 161.047
31681.6 175.975
21376.8 153.231
19582.7 144.38
15852.9 117.178
32580.8 176.649
28064 171.183
31522.6 172.423
26029.5 167.154
18554.7 141.06
30919 175.159
17441.5 132.475
33844.4 176.933
26028.3 167.271
32460.5 175.44
17861.1 135.337
32148.8 176.565
20363.9 150.506
19094.5 141.767
32037.5 176.609
20330.5 149.933
32954.3 177.854
23497.7 161.075
32157.3 176.668
30909.2 176.878
27987.6 170.13
32025.5 176.425
19308.3 145.817
30571.3 175.381
24742.3 165.121
31424.9 174.166
34391.5 176.998
18801.7 139.643
22970.6 160.586
23275.9 161.842
32224.7 176.687
23825.6 163.077
16824.5 127.24
24646.6 164.502
15541.4 110.644
25304.4 164.101
33769.7 176.728
29845.5 172.16
30744.5 174.409
27817.6 170.84
21554.5 157.11
26009.2 165.656
23114 161.188
22650.5 158.961
27312.5 168.805
21507.3 154.539
31033.8 173.229
19372.6 148.321
27010.8 173.641
20710.8 154.314
31507.4 175.887
28365.6 170.676
25170.9 167.032
32319.6 175.421
34315 176.588
23070.8 158.578
28518.4 172.948
25891.2 164.556
23157.8 163.24
16033.8 116.966
28050.9 170.394
25659.3 167.903
31895.3 171.648
30472.9 173.803
20691.6 152.232
24805.9 164.023
23709.7 162.701
17735.8 138.765
24562.5 165.07
28940.1 174.169
29338.8 171.945
31713.2 175.265
19058.9 146.936
26119.2 166.124
17915.3 138.577
29780.9 174.465
22813 158.559
22044.7 158.422
20180.5 147.841
32988.3 174.622
27323.4 169.861
15229.1 108.827
17171 130.37
23418.3 159.789
25925.3 167.664
32152.4 173.013
19744.1 148.787
23734.1 160.021
33052.9 174.097
27988.3 172.653
15313.8 109.809
21176.7 157.086
19437.2 147.385
32763.2 175.655
32045.4 174.515
27348.5 170.283
33546.9 179.073
29826.5 172.885
32793.1 176.549
24545.3 163.95
27942.5 169.15
16542.8 123.167
32127.6 175.169
22734.2 160.419
20973.5 153.845
30489.7 174.447
31847.4 175.209
20324.8 151.31
18331.4 143.618
33290 177.38
24353.8 156.658
22261.1 157.886
22977.3 161.37
29125.7 172.702
17413.7 131.628
28945.3 171.823
21768.7 155.111
23292.5 161.6
20672.1 153.568
22678.1 160.316
32448.3 174.266
25713.1 165.623
18434.8 140.648
34527.2 179.825
34429.5 176.793
32729.5 176.558
22300 156.407
20998.5 154.942
17526.3 133.807
28568.8 170.508
29940.5 175.485
32786 179.834
24230.1 162.695
24259.7 164.734
34002 176.058
16172.7 119.406
26980.8 168.753
33181.9 176.444
34887.6 177.077
24721.4 165.022
27554.7 170.101
25986.3 169.059
16538.6 130.013
26587.2 167.775
24248.9 162.066
25130.4 167.092
20637.5 155.229
20515.7 151.67
20106.2 146.497
22391.6 161.86
31923.2 174.261
25552.9 167.191
32028.6 176.891
25938.7 165.944
29657.7 174.18
15286.3 111.22
16676.5 127.901
31304.4 173.812
22734.4 158.736
25534.5 162.615
21408.8 157.455
17842 136
33095 175.314
20742.1 152.965
33055.6 175.371
30372.3 174.601
22124.5 156.26
34700.3 177.876
25384.3 164.344
31831.5 172.21
20475.9 149.622
18437 142.389
31230.2 173.129
31808.7 173.872
23751.1 163.507
15935 117.066
25381.6 165.772
29090.4 173.606
31279 175.823
22196.5 157.224
27410.2 171.174
16275.7 121.428
21899.2 159.339
24444.9 166.047
26537.3 171.853
25393.7 165.241
29848.5 172.02
30019.4 172.573
24457.2 162.596
17061.6 129.96
25414.6 166.615
22828.9 159.427
28379 170.658
32127 175.959
16492.8 120.995
28201.9 169.821
22596.5 157.103
32164.8 176.946
17981.2 134.166
23218.4 160.051
24290 161.807
30908.8 174.492
26786.9 170.951
23459 164.818
19839.1 148.265
28775.6 171.086
31768.3 173.85
15805.7 118.058
18123.1 137.871
15195.8 108.554
31276.4 193.659
16526.5 126.187
26454 168.231
26680.9 169.925
22490.1 158.391
34410.8 173.1
18743.2 142.956
17381.4 130.86
19324.4 146.796
27510.7 168.901
31224.4 172.806
25590.6 166.323
26797.6 167.59
22250.6 160.217
17442.9 135.408
24035.8 161.587
27496.3 170.509
16666.4 126.749
25156 165.523
32638.6 176.635
23655.2 161.714
24980.3 166.923
15754.6 117.383
17254.8 138.984
29811.5 173.981
22087.1 156.045
20254.1 152.3
24444.9 164.586
21850.5 153.17
15129.1 102.965
19589.7 147.122
27636.9 171.978
25980.5 164.525
24461.7 163.027
22593.3 158.396
28167.4 170.962
17511.5 133.136
33243.5 176.814
30106.9 172.433
22619.8 158.574
32376.9 183.971
17934.8 137.095
22025.1 155.683
20358.8 148.794
25705.9 167.222
34076.6 176.804
29068.4 171.554
15772.4 117.654
27483.4 169.316
32888.9 176.685
29564.8 174.006
30697 173.941
28068.4 171.78
17071.4 131.919
26260.4 168.575
24588.3 163.074
32885.1 179.829
16740.1 130.039
30132.2 173.47
17231 129.293
26547.6 166.008
26173.2 167.846
17295.6 130.747
19750.6 147.779
22583.1 157.607
31481.5 174.146
30915 173.48
23037.9 159.913
19593.8 147.519
20214.9 168.786
23660 160.05
33774.6 175.302
27103.1 169.69
26854.2 169.022
24419.2 159.566
31009.6 174.082
30969 999999
29881.7 171.884
21300.4 155.518
30558.6 175.714
19430.3 145.878
22958 164.735
26581.7 166.96
25220.2 165.04
23541.6 157.396
27827.8 171.074
26214.9 168.092
17448.5 138.094
28425.2 171.363
15937.6 117.477
22190.2 157.49
29809.7 173.771
27255.1 169.776
28033.7 173.061
30763.3 173.809
31263.4 173.306
17799.3 134.234
31942.2 175.889
24829.8 163.549
27543 169.484
29744 170.338
24502.8 163.308
25842.4 165.666
22632.8 161.971
29035.1 170.407
31624.5 174.507
28526.8 174.137
22315.6 156.3
26929.4 168.25
21285.3 153.191
16437.3 119.316
30519.3 172.539
18785.4 140.827
30896.1 174.188
28860.2 170.81
29116 171.651
30127 177.452
16641.3 128.167
28521.5 172.778
22380.5 155.484
15091.4 107.006
17574 132.104
23459.6 162.786
29345.1 170.305
18857.8 144.519
19671.5 145.137
25344.4 165.645
27883.2 171.702
19369.8 177.802
31331.3 171.337
15865.6 118.106
20709.6 153.409
16783.7 129.649
21820.9 156.205
33566.9 174.395
33126 175.86
16145.7 121.614
21270 153.528
30716 174.481
26193.2 167.401
33806.7 175.893
16561.7 129.787
22579.2 160.274
27144 162.515
23188.3 159.757
19150.1 144.738
23152.2 160.02
28699.4 171.998
33729 177.23
31057.3 176.017
31762.7 174.335
32909 175.547
27147.6 169.252
20191.5 149.345
23769.8 162.499
19457.6 146.447
32302.7 174.766
22423.3 157.209
32584.5 174.632
31139.7 175.844
32084.2 175.825
33477.4 176.882
17813.5 136.862
18563.4 144.125
20245.7 150.411
26483 171.445
18828.2 141.331
33042.8 178.211
19484 146.452
34310.6 176.304
22924.2 160.06
23960.5 162.497
20257.3 150.54
20031.8 152.348
34792.3 179.063
23061.1 160.265
21103.7 157.21
30569.2 174.169
23189.2 159.287
20253.4 150.852
17387.3 144.749
29620.6 176.251
25895.4 166.731
25578.7 165.82
25821.8 166.436
34047.6 177.978
22739 160.673
15495.1 115.897
33197.4 178.968
34023.9 177.574
17881.5 134.914
16870.5 127.154
32692.8 177.72
32490.7 174.323
24494.5 163.168
25634.8 164.922
32483.2 174.334
17466 136.667
26945.5 168.659
15685.4 115.423
22387.7 159.994
27917.2 173.706
32772 175.315
30222.9 174.577
27545.6 170.053
15269.2 109.052
31189.3 173.901
34659.6 176.397
16653.9 125.497
29700 172.828
31486.7 176.087
21245 154.445
21749.1 152.95
30410.2 172.007
24161.5 161.946
15483.9 110.582
20240.4 151.119
20815.6 151.273
21029.8 152.105
21065.4 154.92
32157 175.209
26815.5 166.849
25803.2 165.144
22819.9 160.272
31911.3 176.887
25738.9 167.229
23176 159.905
15062.1 104.27
18859.7 140.391
22716.4 160.44
27769.2 169.312
20248.2 150.294
17026.4 131.853
24478.3 163.945
29407.4 174.447
31846 174.967
34504.9 180.711
15313.4 105.279
34549.4 178.42
32603.6 175.875
22346.2 159.473
32192.9 176.584
30135.8 176.291
21870.1 154.261
22822.4 161.034
30675.2 179.513
30487.4 172.298
34719 175.789
28210.6 170.298
19807.1 147.068
24066 161.321
29360.2 172.027
29182.7 171.265
31299 175.964
28986.3 172.518
30000.7 172.52
18353.2 142.535
33548.6 178.971
25274.8 166.973
29809.3 176.908
28640.8 171.429
21728.6 155.491
32729.8 178.867
28416.3 171.694
31213.8 175.064
29252.9 173.442
30565.1 165.23
32635 177.267
16803.5 126.06
16695.3 125.984
34056.3 177.605
32504.1 176.303
29046.8 172.994
24757.1 163.282
31930.2 175.999
28590.3 172.349
20533.2 151.813
30053.6 172.266
34455.5 178.732
18352.5 141.553
19717.1 147.857
30615.6 172.748
27585.7 170.178
31585 174.095
34211.4 179.214
21892.3 153.96
30374.7 172.159
27999.4 172.754
22663.3 157.604
21106.7 150.698
16525.1 119.292
23361.2 161.796
32994.7 177.307
30119 172.055
25317.5 164.345
15549.2 109.717
31845.8 175.145
17142.7 130.504
28829.8 172.201
24156.3 164.988
20838.4 154.618
26580.1 168.413
33264.4 173.407
23707.6 162.779
26030 166.757
31920 175.904
18879.4 144.546
30442.4 175.734
18858.7 139.858
26820.8 169.668
28839.4 171.8
31321 174.247
28283.1 171.88
31071.6 173.468
24802.3 161.673
23520.4 159.921
17372.2 131.445
33599.5 180.082
22133.7 158.679
24784.1 165.026
20163.4 150.061
27488.4 170.437
19956 150.88
21947.6 158.399
29348.2 167.728
34068.6 177.495
29988.6 173.526
29325.8 173.393
21749.7 155.759
33360.8 180.096
26616.6 168.672
24193 161.91
23162.1 160.802
34559.5 178.064
32685 174.775
26369.1 167.122
32612.2 174.546
26555.3 167.85
31471.6 173.943
21333.8 155.306
29421.5 173.017
24479.7 165.642
25499.5 165.907
30624.3 173.439
28351.9 169.682
33384.6 177.396
23211.5 160.049
32104.3 176.764
15177.2 111.714
32038.3 175.985
22641.4 159.005
27417.2 169.295
32276.8 175.767
15780.5 110.999
29926.6 177.462
18279.3 138.91
33855.3 178.026
27742.2 168.336
33541.4 174.52
27491.9 168.305
20186.1 147.871
24272.1 161.539
23798.3 162.788
30776.6 175.427
24788.3 165.606
20626.4 151.303
25863.3 164.871
25024.7 166.663
32015.6 172.161
24998.8 167.812
15395.3 109.35
18044.8 138.139
18442 140.874
31632.4 174.039
27566.3 170.96
15613 112.55
32073.2 175.477
24545.8 162.711
27653.8 171.2
34548.1 177.602
16238.2 118.173
15919.5 114.497
32311.1 175.925
19927.2 148.588
32324.3 177.49
17748.6 133.356
21444.3 155.681
26595.6 168.832
34874.3 178.02
33643.6 175.821
19694.5 150.974
24779.3 162.856
15237.5 112.434
21697.7 155.343
16859.5 128.209
26678.7 169.031
28125.1 171.39
21827.8 157.86
29364 174.64
21444.4 154.856
32963 173.651
32263.2 173.578
21630.9 152.786
25145.8 165.027
19568.1 147.961
19178.4 141.517
29471.5 174.022
26682.6 166.176
24909.8 165.172
27914.8 169.701
28482.4 171.771
23976.1 162.977
24786.9 164.619
20655.4 151.981
25633.8 166.548
30555.5 171.316
26113.8 169.18
19193.9 144.577
23804.9 161.631
19657.4 150.431
28398.6 169.475
23126.3 160.022
32545.8 174.573
26367.3 168.063
31810.6 173.26
21831.4 158.463
27749.6 171.235
19699.2 148.027
32187.4 175.183
20129.2 152.054
21252.3 153.51
23841.7 162.093
22259.5 157.566
26131.3 167.357
19064 143.52
21690.9 156.193
32879.9 174.67
22411.9 159.052
22072.5 160.048
32187.6 175.577
33705.5 175.844
27251.6 168.38
21031.9 152.396
32804.6 177.633
33877.2 177.813
28399.5 168.49
33080 176.014
24580.9 165.889
31664.3 177.321
27725.7 169.119
21374.2 156.564
17070.6 131.13
24366.4 161.335
20312.8 150.233
28929.7 173.972
22824.7 158.549
19971.3 148.146
33157.4 177.432
28420 170.817
24522.1 163.53
19714.5 147.767
20067 150.984
25464.7 165.913
22145.3 157.553
24762.5 164.831
21819.5 156.199
30095.9 171.249
22712.5 161.334
18265.5 142.743
17741.8 134.776
22339.4 158.803
22364.9 158.703
25162.6 159.85
23513 160.852
34100.1 175.841
27698.5 172.849
24117.2 164.431
16830.8 127.508
25214.7 165.769
33493.6 174.157
26608.7 167.855
21015.4 152.928
34420.3 177.102
33166.8 176.734
24166.5 161.374
27270.2 170.098
31839 175.901
22561.9 157.738
34329.5 174.906
29792.1 173.313
32904.7 175.839
33708.1 174.751
33734.7 176.33
31092.9 176.889
22493.8 157.791
23035.9 159.677
32674.4 174.761
27212.3 169.881
16446.1 123.011
24078.2 162.884
34192.7 177.656
28510.5 172.195
24065.9 164.879
20952.5 156.386
24895.6 164.38
25001 165.369
26640.6 166.781
33456.8 175.575
25051.7 164.856
15399.4 113.454
33036.7 176.033
24020 162.292
20517.1 152.784
27899.1 169.8
27018.2 169.578
34192 175.551
29928.7 174.454
31638.3 175.004
22548.5 158.209
18094.5 999999
34622.3 179.984
33672.8 174.861
32758.4 176.27
34485 178.876
30598.7 173.539
25880.7 168.292
28104.6 169.298
30297.1 175.278
29599.8 174.499
21882.3 156.328
30125.6 173.959
26513.1 169.131
34824.5 178.59
25067.3 166.877
33460.8 177.382
29759.2 171.646
33801.5 178.045
23177 158.914
22793.5 158.724
22769.1 160.081
30707 175.08
28776.9 174.085
22189.8 157.321
33875 176.137
23473.9 161.288
22675.2 156.66
20038.6 146.917
34863.3 177.28
31768.9 176.04
22189.3 159.594
24094.5 160.582
30668.7 177.298
25051 164.67
33772.2 175.349
24327.7 164.535
15642.6 107.496
23935.6 161.001
30252.9 172.716
29296.2 172.446
30537 172.753
19123.3 144.371
19574.5 146.216
17083.4 127.57
22226.1 155.907
18507.6 141.184
21348.4 154.584
25258.9 163.588
20346.4 151.007
33198.8 178.269
30801.8 173.042
25886.5 166.753
19080 144.694
32774.9 178.855
21613.1 158.034
33285.5 178.631
15255.8 68.9878
18658.5 140.647
34060.4 177.09
29836 173.185
34686.5 178.264
17442.1 134.752
24468.9 164.305
16913.2 127.528
22239.1 157.182
19186.7 146.56
18436.7 133.868
32567.4 177.309
18508.9 136.051
34336.3 178.566
33913.1 175.044
33830.8 176.715
18801.1 142.993
31788 174.541
33023.1 175.581
23208.7 162.706
18900.5 142.485
20048.6 148.341
24632.5 164.472
18944 144.302
21635.3 155.398
25216.7 167.313
20077.4 146.185
27660.2 168.282
31922.4 175.176
31584.7 174.801
23451.6 163.193
31983.4 176.016
20269.7 149.984
25733.7 166.852
22929.9 159.648
32076.5 175.37
23195.7 158.269
27307.7 170.337
17077.7 127.893
32865 175.826
31324.4 174.437
16764.5 128.195
24541.1 167.764
17060.7 128.501
16075.3 117.759
34855.3 180.709
34333.4 176.976
29757.7 172.435
20131.8 148.371
30129.1 173.123
20614 150.607
21168.8 152.637
28377.8 170.118
24263.6 159.698
18793.7 142.842
23871.3 157.332
19542.6 146.206
24735.6 162.613
30275.6 173.801
21269.5 151.969
19660.5 149.743
33683.2 177.318
26922.9 170.119
29962.5 172.401
30927.3 172.437
22423.3 157.401
33813.8 176.127
27560.1 167.248
16125.9 122.726
28853.9 169.698
29143.6 167.525
26024.6 169.333
27727.4 170.798
32853.3 175.459
29037.5 173.686
21020.3 155.863
31620.7 173.898
22349.5 156.237
26618.7 169.761
21815.3 156.082
27657.6 170.348
18050.5 137.108
22897 159.348
32432 177.172
20275.7 149.127
19660.2 147.667
18844.1 141.152
22579 158.459
24712.9 165.861
31946.4 180.748
17160.7 128.788
33047 177.468
34672.5 177.748
26931.3 167.994
26680.2 167.757
24145.9 165.419
33708.2 178.865
22748.2 157.88
26281.1 168.375
26748.4 167.17
17332 131.419
21576 156.291
20838.2 154.297
26925.2 169.924
33698.7 176.577
20859.6 154.22
27555.5 171.507
30126.2 171.806
29163.3 172.353
28206 172.081
19564.7 148.981
29734.5 174.761
26089.4 169.682
24755.5 165.405
23948.7 161.113
19166.7 145.506
29722.3 171.6
29411.5 173.35
30734.3 174.173
28304.3 171.494
25904.9 165.45
26499.7 169.364
27818 170.323
21872.9 157.642
30252 174.74
20076.9 150.802
22863.3 160.956
32900.7 176.79
29100.6 172.088
24832.4 162.602
17363.4 131.71
24364.4 163.756
17452.9 132.941
15576.1 116.44
27965.9 171.189
29078.6 172.623
32200.5 177.895
34371.9 179.198
20984.6 152.932
23915.5 163.775
29279.5 171.419
18684.5 142.452
27899 170.349
30822.6 173.037
15800.3 116.318
15027.4 102.615
15177.9 106.062
18177.3 138.908
31125.3 175.873
18017.7 136.467
18728.6 144.254
15583.2 113.044
19695.1 146.309
31877.1 176.252
32376 173.694
30485.1 174.592
28681.4 169.366
24661.7 163.764
25676.1 167.22
21418.3 153.943
20607.7 148.803
17937.3 136.5
30897.3 176.156
19017.8 142.474
25607.3 167.498
15926.6 119.077
17360.8 135.128
18759 143.125
29551.9 173.152
33955.9 176.221
28588.5 170.219
16524.7 123.897
18007.6 138.207
19749.4 146.824
27243.1 174.205
24695.6 163.645
32045.1 173.85
27936.5 169.811
16375.8 127.541
16883 125.086
21825.3 155.783
27908.5 172.171
32795 176.275
28869.7 173.175
15681.8 114.831
34973.1 175.18
34981.3 178.339
16923.1 130.631
18542.2 143.276
31851.7 176.495
30464.9 171.581
33414.8 175.377
18536 141.719
19621.4 148.998
27671.5 169.231
30530.4 173.839
29542.9 177.931
28786.2 171.533
24791.9 165.509
16892.5 124.323
30417.7 174.064
17550.9 133.913
33794.9 175.04
22918.3 159.128
22672.1 157.672
23759.2 161.442
25444.2 163.853
23576.4 161.723
25358.4 166.379
22855 164.79
32219.4 174.477
21466.2 156.131
26979.8 168.134
30320.9 172.234
30753.6 173.474
27061.7 168.07
19019.9 144.267
22437.8 160.608
17409.4 129.699
29372.6 170.752
29823.6 174.327
22201.9 157.598
26527.7 166.905
15397.1 118.493
17563 133.422
27136.4 169.369
34132.2 177.896
29588.7 173.595
17733.8 137.965
34364.2 176.753
17619.9 134.165
30796.4 176.238
23383.8 161.854
16844.5 129.583
24079.2 163.114
24268 163.366
24148.1 163.106
23815.2 162.322
18353.3 138.39
21633.4 156.636
17429.2 128.454
24493.1 156.699
30655.3 175.633
15988.6 118.301
30867.7 174.203
30642.1 172.734
32452.1 173.385
25731.9 166.939
19673.2 150.372
26373.4 170.797
17792.5 135.178
25996.1 168.054
32450.3 177.551
27299.4 172.116
34114.7 177.294
19730 149.462
18735.2 139.541
25110.7 157.656
29438.2 172.99
16826.8 129.95
22370.2 156.601
31846 172.905
18041.3 139.886
24224.3 163.354
19525.6 146.138
19109.3 141.561
23337 161.187
19946.3 144.813
26352.8 166.646
32260 175.429
18014 132.289
18183.7 133.817
24803.3 164.673
27024.9 169.926
21196 150.704
15019.4 110.158
20634.8 151.266
23501.3 161.917
24177.6 156.781
21041.2 151.089
25737.7 158.129
33952.4 177.082
15408.1 106.776
15554.6 111.179
29736.2 175.631
19731.5 149.917
34575.3 178.87
29307.2 171.45
18309.4 139.249
18272.3 135.465
20430.2 149.078
20892.7 154.289
17134.9 132.188
21462.6 155.144
26482.5 167.547
20522.6 154.514
28368.8 171.686
20958.9 152.132
18660.5 142.962
22111.2 156.436
25960.5 166.168
31951.9 176.318
15987.8 118.152
24670.5 164.085
20294.3 150.381
23849.4 162.716
19541.8 146.426
28441.3 169.428
27437.1 170.478
20307.5 150.975
30803.6 176.106
19216.1 142.947
27371.5 169.838
33527.2 177.191
20350.4 150.682
29319.9 172.468
30411.7 174.942
32768 177.066
22040.2 155.931
21040.1 152.357
27408.8 169.897
28624.9 168.487
34819.8 177.975
19398 145.628
25375.1 164.236
33450.7 174.51
23021.7 159.845
21021.2 155.201
29744 173.972
26412.4 167.251
21632.4 150.605
15345.4 0
29314 169.645
24413.7 165.019
32802.1 175.932
31019.2 175.517
22439.5 158.53
17313.5 133.296
31558.4 177.066
30298.8 173.809
18100.4 136.643
33206.3 175.97
25769.8 166.706
19549.3 145.144
26916.3 166.942
24653.1 164.837
31938 178.025
23868.5 165.967
32053.3 175.51
29039.5 172.942
33857 999999
34225.4 177.467
20468.2 152.236
16021.8 117.437
26916.8 169.329
16654.8 124.15
30316.2 174.571
19628.7 148.577
23208.8 156.793
28913.8 172.726
21852.7 155.829
17061.8 129.301
26793.3 168.909
25601.4 167.828
25477.8 166.6
17697.2 133.86
17178.2 132.191
27045.8 171.713
20385.7 151.375
26983.4 169.4
15217.3 106.024
22748.4 158.664
16915.8 126.181
28892.6 173.304
18064 141.171
26860 169.04
32341.7 176.089
18998.3 143.157
18982.9 144.258
27148.8 168.727
25998.4 165.394
31978.5 174.228
27836.5 171.205
17385.1 131.299
24206 163.669
33287.4 179.255
32287.3 175.411
17171 130.827
30045.1 173.849
33507.4 176.159
28097.1 171.872
23865.7 162.194
19555.3 147.635
16444.1 122.906
33831.9 175.339
25702.6 167.861
31496.6 174.779
20129 149.308
33948.6 175.975
23888 161.985
17293.3 131.183
29671.3 173.227
29092.5 169.429
28051.6 171.446
27112.8 167.958
34727.1 179.109
31284.2 175.927
33785.4 178.552
25869.8 166.889
27893.2 171.415
25041.1 163.721
30456 174.228
32286.7 175.209
28077.9 168.807
26632.9 167.971
26691.9 169.703
32762.8 176.294
15443.9 107.921
23828.9 160.338
28514.1 171.954
28828.5 171.847
27826.6 168.945
26191.3 166.464
21157.8 155.017
19052.4 146.786
17049.9 128.961
32489.1 176.379
15924.1 118.059
24664.9 164.988
27756.2 168.266
26279.4 168.272
19449.3 143.517
28709.7 168.89
30094.5 175.401
21244.3 155.002
33651.8 175.73
28627.6 173.197
31806.4 171.92
24080 162.612
20302 151.661
19905.1 151.611
31230 174.398
15677.4 121.663
22697.9 160.644
34945.3 177.269
24552.5 165.368
17273.4 156.778
15498.6 113.921
29225.3 172.416
19094 143.262
15225.8 109.953
31290.9 174.599
32203.8 178.845
32615 175.927
20879.8 151.612
28658.9 170.024
32215.7 175.832
19013.5 141.748
22907.2 158.042
24257.1 164.76
31617.2 175.527
34467.8 179.249
18833.8 143.322
33985.4 177.709
31671.1 177.106
16076.2 141.427
20557.9 151.8
15074.1 101.858
29704 172.858
34968.9 175.109
29537.2 172.972
30750.5 173.358
20736.2 153.276
21436 156.297
30932.4 172.746
18128.1 137.919
20871.9 155.321
24457.4 163.874
22489.8 160.897
25501.9 167.116
16019.6 122.301
20287.6 151.323
15239.5 105.374
28340.9 172.583
23433.9 161.225
28473.9 172.944
25970.7 166.386
23176.9 160.493
15403.1 118.927
27048.6 168.146
28161.1 172.554
29544.2 171.267
33057.8 177.029
26751.9 170.206
21532.3 156.174
30981 173.264
18021.5 136.374
32515.9 175.438
28016 171.617
22251.4 158.186
17370.8 132.991
25149 166.727
34874.7 177.944
21884.1 156.422
30671.3 174.805
25428.3 163.617
18178.7 142.766
28632.3 172.897
22199.7 156.075
23659.2 161.888
29015.9 169.924
29325.4 172.649
16026.4 121.955
19996.2 147.047
32932.9 177.946
16722.4 123.482
28620.9 169.226
31112.8 174.494
31117.8 175.535
15350.3 109.327
31398.7 174.071
28797.9 169.831
27356.9 172.961
29998.8 173.293
28099.1 170.475
24927.4 165.677
20438.7 150.998
18853.1 141.812
20358.9 151.1
25502.1 166.228
23485.9 163.012
15107.8 105.06
15626.5 118.816
20488.4 150.369
27144.8 166.759
31241.3 175.011
21900 155.103
33038.2 177.423
17612.9 134.461
17901.2 135.407
28047.1 170.103
28228.6 173.844
28117 171.637
33707.5 177.644
23941.7 162.698
29539.9 170.915
16194.7 122.496
20264 150.236
16054 119.667
30085.5 173.597
30453.8 179.405
23659.5 160.26
29778.8 174.428
34693.6 177.681
31664.9 175.169
28218.2 171.228
29451.9 172.644
27516.5 170.373
28193.6 170.641
25600.5 166.672
26699.4 166.289
18491.2 151.048
15266.3 106.565
28200.6 999999
21110.2 159.659
23154.1 159.624
31529.3 175.581
33412.8 176.709
33993 179.228
26746.8 168.151
26058.2 167.55
19193.8 145.389
34407.6 176.31
21051.1 154.684
28090.6 170.671
28076.6 170.439
29110.3 170.659
34649 178.65
15983.8 127.11
17388.9 132.559
33005.8 175.916
24653.1 165.349
34990.3 178.778
25113.1 164.961
26355.7 168.279
18486.9 141.613
16564.3 127.48
17710.9 133.993
28080.2 170.084
17465.8 134.265
26987.4 167.648
20229.1 149.345
27345.6 169.25
33782.1 177.973
18365.9 139.939
32285.7 174.202
16863.5 125.351
26425 164.802
19473.5 144.888
15132 102.858
32077.7 176.53
21688.9 157.645
23846.2 160.982
29234.3 171.229
27213 167.887
33561.3 176.96
25871.2 165.716
33622.7 177.652
21340.5 157.692
31840.6 173.173
30967.7 176.653
24856.8 163.938
31116.7 174.292
30197.3 174.394
27195.9 170.966
32592.2 176.623
29196.7 172.362
33062.9 176.936
21931.7 156.832
17193.2 132.223
17521.4 134.615
18619.1 143.37
26011.9 169.74
31183.1 174.4
23803 162.49
20888.5 153.282
26289.4 167.878
23735.7 162.955
22067.9 156.042
23652.5 164.108
22938.3 160.107
18997.6 146.057
22578.7 158.598
16002.2 118.113
26061.7 167.963
16030.1 122.824
23618 162.143
18588.4 138.602
26819.9 166.548
26812 168.378
26781 170.33
29727.2 171.84
23490.1 162.4
18051.3 136.231
32552.4 177.704
31307 172.659
20316.2 150.937
34245.1 179.111
17705.6 133.811
28717.3 169.886
33291.3 179.883
17653.8 137.482
19071.6 140.246
34424 177.914
22761.8 157.616
17456.4 135.775
31436.4 174.119
22877.7 158.302
23747.4 164.047
19812.2 144.105
21561.9 153.049
20169.4 149.938
25329.2 166.581
32119.6 174.886
21272.4 155.613
15761.8 108.3
30984.5 177.37
22685.3 158.1
22481.6 157.413
25975.2 166.065
26553.3 172.891
34701.3 174.025
28455.1 172.697
17112.6 132.346
21263.2 158.297
22766.5 160.659
23362.6 159.864
21382.9 153.766
24075.5 164.172
20642.5 150.896
24503.3 163.894
26356.8 166.536
25029.3 164.009
17149.9 129.212
25077.4 164.158
20099.6 148.963
27351.1 169.218
22679.5 160.626
19677.7 149.728
25950.9 168.289
33781.4 175.088
32920.1 175.874
19523.4 146.394
23580.8 161.332
19629.3 148.021
28002.3 171.422
30699.9 173.437
31035.2 174.54
21482 155.395
28447.8 170.934
33768.7 177.889
25760.7 165.473
29797.9 174.084
23914.9 162.171
29096 171.078
20208.4 149.275
26804 173.035
22814.3 159.709
33630.1 177.498
18585.8 142.796
30253.7 173.976
18714.5 140.16
18996.4 142.083
16241.2 121.908
16830.9 129.922
31710.1 172.933
26121.6 169.551
34175.3 179.751
22916.4 159.569
24825.9 164.451
25658.2 167.624
28755.8 172.129
32887.9 175.029
23652.7 159.998
28537.4 170.482
23458 158.907
29941.2 174.313
27749 167.08
20908.9 148.255
20868.9 153.145
31608.6 177.482
19108.6 143.569
28028.4 173.166
21749 155.888
30979.7 176.587
18660.7 142.79
31438.6 175.507
23322 159.478
17549.9 134.299
18204.2 140.148
32452.6 174.774
34677.5 177.213
18255.2 139.059
15840.4 116.651
23584.4 161.817
23222.1 163.216
28089.7 172.374
27770.9 172.429
24350.3 162.052
16535.2 126.129
21408.5 149.731
34048.9 176.748
25288.9 165.923
29083.5 171.486
24326.9 163.506
29095.6 172.479
23971.8 162.861
23024.9 157.807
20404.6 151.053
23374.7 161.145
25697.1 165.6
32198.8 176.128
20096.6 151.57
18897.1 142.052
25539.1 165.006
32010.2 177.28
22797.6 159.149
27055.7 167.84
19654.3 147.41
15518.1 117.221
23135.7 160.679
28963 171.267
20562 150.567
33473 175.881
15095.5 116.755
26405 165.63
34470.6 176.757
23291.7 160.218
27516.4 171.407
31254.2 174.612
30680 173.274
16392.2 121.75
19249.5 147.972
32801.7 175.792
15609.1 108.734
29490.3 175.277
23607.3 157.453
26540.9 999999
23471.4 167.994
31014.9 175.566
24026.8 161.419
30930.1 174.335
21855.4 155.223
16394.3 121.025
34341.5 174.656
32384.9 176.031
20869 151.212
25725 164.639
21594.6 156.208
25853.8 167.125
18901.7 146.39
20982.7 153.421
31846.6 176.211
33795.1 180.197
25481.3 165.703
31059.2 175.859
17768.4 135.895
30051.4 174.442
34616.4 179.035
24989 164.65
32090.2 176.847
20313.9 149.405
21200 151.85
23151.7 159.117
23470.5 158.302
34990 175.775
33050.5 179.293
24592.9 164.679
29794.7 176.647
27631.5 170.649
15377.8 111.095
27537 169.154
22592.4 157.031
26148.5 167.75
18007.9 135.777
28333.4 172.704
23597.6 162.299
24027.6 165.645
29010.1 171.571
21511.1 151.776
23039.7 157.434
25707.7 167.18
33530.2 177.429
23344.6 161.241
16124.1 119.157
28253.8 171.385
25223.8 166.168
21585 149.91
22515.4 158.694
17967.1 136.732
25590.8 167.545
21614.7 153.755
22817.6 159.178
19607.1 144.925
24378.9 161.2
27757.9 171.095
24376 166.325
28931.3 172.144
21639.8 156.929
21419.7 153.549
30806 173.697
29160.5 170.613
28546.1 171.857
32535.3 174.213
17214.4 132.868
30984.6 173.906
28380.2 173.173
16445.3 119.597
26237.5 164.912
26621.4 170.891
23175.7 156.604
19363.9 146.207
28082.7 170.173
30458 172.701
34205.5 175.041
16323.9 121.504
22840.4 161.86
31647.7 174.296
17237.5 140.481
22997 161.879
15300.2 110.326
31942.1 175.776
21782.5 155.534
26528 159.911
22649.7 158.68
31300 174.073
24280.4 158.581
25384.3 165.976
25562.5 168.436
30249.7 171.97
29534.6 173.164
34930.4 177.685
21189.6 155.471
25568.7 164.401
28510 170.923
18813.7 139.867
23068.8 158.399
34773.5 176.431
28499.4 168.92
18809.9 144.959
25616 163.462
29527.1 172.734
28009.6 172.937
34465.8 174.974
25686.2 167.198
26878.1 170.394
21190.6 152.518
22459.2 160.322
24959.3 164.557
15944.7 120.071
22121.5 159.092
28745.8 169.688
19331.8 149.426
25934.7 166.431
18291.4 139.714
20350.6 149.177
20605 152.026
29694 171.737
27420 168.228
21108.8 153.913
25772.2 166.389
33147.5 177.593
18006.2 134.411
28303.2 169.581
20600.2 150.479
25605.5 168.655
16397.2 123.098
18335.3 141.599
27098.2 169.905
28085.3 168.022
30814.4 176.658
26037.6 166.769
34389.3 177.718
17731.2 133.817
18515.3 140.628
24764.1 163.082
30860.9 171.823
15861.3 120.405
16863.2 126.421
20391.3 150.093
25560.5 165.615
23610.3 163.582
27020.9 168.54
23753.2 164.222
28393.7 171.458
34210.5 178.16
29423.6 170.239
34470.9 178.063
21440.2 154.922
20141.7 148.222
20440.6 150.248
31413.3 175.233
32694.8 176.694
29718.2 172.956
27382.6 168.676
19055.4 144.783
34115.9 177.556
15078.8 104.607
29836.8 170.049
21928.7 157.068
33785.2 177.547
19823.4 147.95
21289.8 152.754
34097.6 179.811
16471.3 130.662
21658.2 158.646
25468.7 167.92
24139.8 164.639
22826 160.302
26752.9 168.975
23210.9 163.421
17258.8 132.075
19476.4 145.688
23772.5 161.383
21755.5 153.114
19456.3 142.92
25273.1 168.754
18102.2 138.457
28698.7 171.947
25294.3 166.529
18172.7 141.021
18700.2 140.648
17914 134.91
16473.8 123.395
27355.9 169.835
33967 178.911
26247.5 168.125
32474.6 173.966
19235.8 144.954
20024.1 147.904
19261.5 153.42
22003.2 156.811
28088.7 168.652
22279.3 158.207
30710.2 172.441
25413.1 165.779
22130.2 157.32
21340.8 158.438
16235.1 122.658
24618.8 163.04
33123.3 173.916
27858.8 169.723
24554.5 164.323
26178.5 169.147
26478.8 172.56
23235.9 160.837
31517.8 176.066
25469.1 167.647
32486.7 177.338
28816.3 172.471
33804.9 177.013
17019.6 129.596
21045.8 154.515
33251.1 175.084
27646.8 171.203
30760.7 176.521
25617.6 163.82
25892.7 170.045
18934.4 141.948
22859.8 161.48
23134.9 162.856
17536.1 136.439
16766.1 125.117
18449.9 140.452
31958.5 175.303
31140.7 173.394
28063.7 172.714
27329.3 169.805
23260.7 160.384
29570.5 172.301
21000 153.646
23147.6 162.059
30663.9 173.399
26825.6 170.642
29255.1 172.152
21165.5 154.98
33085.7 177.38
30590.5 173.609
22104.4 157.074
24127 163.045
28465.3 169.282
19847.7 146.912
21785.3 155.137
32176.6 176.795
32175.7 177.256
23129.9 161.408
34554.7 178.258
23582.7 161.902
32692 177.255
28095.7 169.029
27816.4 170.854
30889.3 174.94
25623 167.059
18531.2 141.71
18016.7 136.713
16996 131.381
17952.4 139.121
29897.8 175.012
15886.3 118.193
22477.8 161.156
27341.6 170.607
20230.9 148.908
21958.2 153.727
16907.8 132.707
16816.5 125.64
30651.1 174.35
33871.4 175.363
19274.2 144.855
26090.8 999999
34584.2 178.005
21055.3 152.221
27587.5 168.815
28413.5 170.038
23287.2 161.413
20358.2 150.068
19818.1 148.593
29277.9 172.58
18460.7 137.711
28218.2 170.889
21294.8 154.532
31638.1 174.587
26234.3 167.39
25212.4 167.339
21670.1 154.987
21049.2 158.645
21682.9 155.458
21975.9 158.352
17955.5 142.466
34745.6 178.566
25129.6 165.677
23860.8 162.984
23169.4 162.002
17526.3 135.44
23957.6 165.015
22780.7 159.779
29642.9 172.143
28925.6 172.632
15709.8 118.203
31575.5 175.029
28254 167.654
31805.8 175.951
20541.3 150.818
32666.3 174.847
29662.9 173.094
27542.5 171.193
19584.5 148.216
20017.6 146.158
20441.9 150.157
29010.8 171.167
27300.4 172.186
32331.3 176.394
31374.9 175.028
30271.1 171.798
28050.2 171.679
29387.5 170.377
18312.9 144.366
32354.3 176.245
18303.7 137.726
23384.1 161.531
32018.5 174.947
23726.4 160.008
19398.6 144.818
25534.3 163.918
26051.5 164.712
16395.6 126.687
28440.4 170.733
27685.3 173.103
25536.5 167.21
31215.6 173.886
31969.8 176.134
32116.7 174.033
32473.8 173.89
17500.8 130.93
23996.1 161.285
17169.1 130.974
18892 142.645
16326.9 122.136
15072.1 105.992
30424 172.522
20626.2 153.163
34442.3 179.087
15901 119.804
27119.8 167.589
15701.6 115.25
27000.3 167.708
33237.9 177.664
32549.4 174.986
24598.2 163.169
28407.9 170.992
18763.1 140.958
16935 131.809
34156.6 179.263
18709.9 143.26
23839 162.94
22626.5 160.058
18867.9 141.204
34246 175.73
22238.7 159.059
16461.9 124.23
34526.7 177.304
31193.6 174.146
23228 160.253
24224.8 166.125
33719.4 174.932
23630.8 163.034
30751.6 173.557
30393.3 172.86
31986.1 177.162
27245.9 168.825
18329.4 141.763
32069.2 175.798
24839 164.223
21682 155.796
18851.2 140.174
33028.4 174.661
21776.4 152.92
16649.2 118.371
27138.3 169.047
27007.7 169.767
18719.9 140.589
31346.6 175.502
18564 142.742
20379.9 150.159
26019.4 171.706
30478.9 176.238
27569.5 169.791
22714.8 161.542
21969.5 157.182
27871.4 170.061
33810.5 178.015
20485.8 150.784
17011 128.698
23032.1 161.031
29433 172.827
23797.3 159.014
27079 168.756
34058 178.713
31109.1 175.473
26888 167.941
24758.8 163.396
32826.5 175.174
25567.5 167.485
15547.7 111.021
15506.7 110.906
32265.5 175.519
26928.8 167.657
23516.3 161.037
19680.3 148.79
27224.5 170.007
20945.5 155.487
18820.7 142.127
34057.9 173.651
32034.5 175.018
32217.3 174.52
20267.8 150.478
32643.7 177.889
18631.5 141.924
31216.4 177.816
29318.1 171.499
24341.8 164.304
23274.7 161.342
33702.7 177.979
20810.1 130.956
33753.9 177.08
20375.3 147.68
31802.1 173.824
19148.8 143.5
21678.4 156.863
31037.7 175.79
30205.8 174.585
23631.1 163.56
25030.4 162.957
28892.8 172.521
16042.4 123.593
23866.8 162.082
30975 173.072
20329 147.101
22505.6 160.632
15120.9 96.0844
29592.3 174.164
23648.8 162.35
31391.8 174.533
23084.5 159.54
30580.2 175.964
22847.8 160.149
25417.5 166.326
31292.5 176.17
27195.3 168.574
24054.2 164.844
16483.9 126.151
15707.8 117.766
29405.7 172.287
28711.4 172.684
21620.4 147.333
34002.2 177.422
25633.1 166.127
20053.6 147.367
21739.4 151.528
30788.2 174.733
25001.2 164.871
20716.8 151.656
21682.3 155.901
23258.3 158.641
26535.5 164.191
29590 172.538
17672.6 139.486
31167.9 175.303
31480.2 174.907
27474.4 171.251
21234 154.463
17043.2 129.062
20864 152.395
29006.6 173.27
33225.1 174.854
30183.7 175.942
31075.2 173.716
27197.2 168.213
17248.6 134.024
28421.8 169.641
32422.7 176.017
19723.2 147.678
32864.2 178.309
20830.2 154.014
26062.3 167.999
29544.3 173.19
28403 172.711
20146.5 148.331
25852.5 167.252
20478.4 150.747
23616.2 166.263
29350.5 171.716
28032.3 170.735
30782.9 172.763
17599.8 127.291
24314 999999
16068.5 117.43
20130 147.414
31258.7 174.043
25331.6 165.628
29078.6 172.399
18272.3 141.036
23184.7 161.491
33730.1 176.556
34747.1 177.262
27569.5 170.729
23724.1 161.395
24536.1 163.133
25243.7 165.54
24653.4 162.039
17830 137.723
30404.3 174.885
19636.9 148.615
23664.2 157.941
23029.5 159.566
30480.3 187.659
29024.5 170.654
33206.6 177.709
29752.1 170.455
23890.2 163.332
28949.5 173.306
16347.7 122.772
19967.3 151.931
29052.3 172.665
21411.6 158.399
31253.3 172.503
23304 160.36
29887.1 172.449
24049.5 163.94
33993.2 178.36
30527.6 172.571
23432.7 162.744
25372.1 165.198
31587.6 175.402
26106.7 166.53
25158.3 168.483
17275.8 132.005
17652.4 133.952
29952.2 170.854
33423 180.398
32534.9 177.637
34619.3 177.048
24167.2 164.568
16236 124.25
29226.7 170.838
34557.8 176.81
19102.1 145.374
26043.5 169.574
29890.5 172.9
19960.3 149.493
21359.8 153.41
25525.7 162.519
16604.2 124.492
23829.3 163.952
26001.6 166.91
29357.2 172.779
24999 166.179
20583.3 151.871
34620.5 178.636
25939 175.618
27218.6 168.996
15816.6 112.289
27431.5 177.165
24253.6 159.272
21969.2 157.288
27026.7 168.097
32125 176.681
28149.1 171.188
17416.5 141.238
33347.8 175.774
33265.1 177.027
24631.2 164.465
30209 173.302
33905.3 174.774
23860 160.306
27502.8 169.842
31880.2 173.166
23530.8 160.124
22684.7 161.025
29844.9 174.27
23962.2 162.435
34347.6 177.515
33223.5 175.57
25033 164.188
32292.5 175.859
34149.6 177.759
30137.1 173.311
34608.3 176.963
26511.4 167.943
31589.4 173.808
26038.2 166.844
20540.2 151.854
20023.1 149.851
16443.8 121.104
25422.5 165.143
20954.4 153.573
17326.6 133.681
32258.6 175.38
31975.4 175.549
34057 176.17
24480.9 164.971
32726.3 179.54
25520.9 166.249
26461 168.446
31205.4 175.204
28923.1 171.681
26264.3 167.229
34516.8 179.001
32826 176.61
33788.5 176.669
32565.5 177.707
20885.9 150.784
19982.9 148.579
23603.8 163.26
30029.2 172.44
31590.6 174.898
16492.7 119.961
20537.2 148.919
27124.5 169.121
23880.1 162.273
31197 174.358
27795 170.123
34210.3 180.516
31092 174.482
22709.4 158.309
17504.6 135.522
32500.9 173.215
20031.4 149.314
15193.1 108.707
32280.1 177.029
30271.4 173.789
21030.2 152.959
30134 173.724
30010.3 172.869
19230.3 142.695
30451.8 174.964
31195.5 175.324
20774.2 154.539
22553.5 159.085
29706.6 174.456
19463.2 144.956
24121 162.395
29342.3 168.865
28734.3 170.802
31264.4 177.709
34521.8 175.433
18893.6 142.742
25360.1 165.014
21044.6 156.854
25560.6 165.715
24789.8 162.777
15370.6 114.238
26615.8 167.809
30870.8 176.131
16869.5 127.78
34562.3 177.678
34194.2 176.764
25253.2 163.508
27460.6 170.166
23000.4 161.066
33526.8 172.743
32791.5 178.266
28823.9 172.859
34290.1 177.869
32766.2 175.498
23260.2 160.395
24848.1 168.803
34780.3 176.473
21442.3 154.445
16633.7 127.762
34846 178.6
33144 174.85
31714.3 179.425
17640.8 133.387
23423.6 164.051
19769.4 148.151
17794.8 134.83
29559.4 171.056
23245.4 160.943
29858.8 174.765
34156 177.961
22107.7 157.968
31506.4 175.612
17888.8 135.305
16682.3 127.705
25830.2 166.78
29335.6 172.872
33149.9 176.388
17831.5 137.165
23543 160.647
20707.7 153.403
32572.4 178.9
31218.4 175.627
34463 177.372
29818 174.262
17434.5 133.673
19986.8 150.03
25743.9 0
27677.2 170.138
25297.1 165.827
34489.1 176.951
16903.5 187.109
24164.2 164.702
32223.7 176.913
17575 134.209
25804.6 166.367
19556.1 141.323
23829 159.945
15786.8 115.981
24060.6 162.123
25969.8 169.15
23747.4 163.928
34656 174.298
22677.9 158.479
17803.8 133.157
33738.8 174.632
20225.9 147.405
17559.9 134.964
15790.7 117.255
33773.6 179.807
24367.7 164.683
20044.6 149.54
33135.5 176.999
28545.7 168.867
16768.4 127.849
16750.2 127.535
28777.2 170.927
22682.3 157.479
22499 158.967
23191.3 161.154
27682.7 172.458
27137.5 167.729
34129.2 175.651
31398.5 173.973
20344 148.162
32636.2 176.447
28458.7 172.045
22723.1 159.415
32886.9 178.267
34240.7 178.393
22616.6 158.179
26798.1 167.344
27202.4 169.813
16082 119.224
31120.2 174.613
25185.1 165.873
24397.8 167.5
33694.8 175.999
15770.2 113.519
15564.9 113.772
26483.2 168.396
26566.5 165.921
28400.4 172.809
26157.9 168.714
15786.6 119.415
29581.6 174.026
23360.6 162.235
19349.5 144.405
22026.2 157.877
20825.7 154.768
32063.4 175.736
31335.1 174.558
26510.2 166.73
27248.2 170.308
17878.5 134.847
19866.4 147.724
31755.4 174.861
28016.7 169.866
18840.5 142.046
28827.4 168.938
23767.7 160.671
18118.9 135.31
28735.1 171.028
28124.4 999999
22475.6 160.213
24530.1 162.185
31426.3 175.589
23830.9 162.061
30910.7 173.637
32951.7 175.38
29582.8 172.429
15667.9 117.555
32408 176.302
25341.4 166.733
24750.9 165.112
26059.9 167.934
31838.4 172.968
25744.2 168.345
22222 156.94
16074.1 118.782
21109.8 152.083
34073.6 176.953
23539.7 161.615
30235.8 171.979
31740.8 173.615
19358.7 146.183
21414.7 999999
24630.4 166.982
25699 164.877
17218 131.109
27287.5 168.779
22218.3 152.96
17381.8 134.706
17623.5 134.166
34767.1 179.533
26027.3 167.504
30227.7 174.093
27038 169.512
29370.4 175.941
20300.4 150.872
26808.3 169.185
19883 147.251
26671.2 168.774
24322.1 164.491
31881 176.473
30112.3 173.39
15315.7 110.265
29114.6 172.481
23925 162.072
32516.5 179.041
30175.5 172.266
34281.5 178.928
31144.2 173.841
27869.4 168.907
19991.7 147.91
24214.7 163.341
32628.6 175.645
24613.1 165.987
23320.3 157.848
18067.3 143.295
24280.4 162.47
31876.8 175.281
17674.3 135.218
28148.9 168.869
23523.6 161.227
25279.6 162.263
22829.6 159.497
28224.6 172.375
34429.6 177.899
18930.6 143.049
32174.3 177.173
34612.5 178.315
32073 175.79
26329.7 166.465
31329.9 172.333
33964 178.554
15629.1 111.591
25590.7 164.378
27535.5 170.578
32283.2 176.089
17220.2 137.134
22466.7 158.467
17802.4 139.77
16051.4 118.711
24605.9 161.892
30825.6 173.435
18323.5 138.037
27491.1 170.632
18877.4 139.718
21047.3 154.915
27405.2 170.459
34999 177.021
15577.7 113.208
28716.1 171.411
32586.4 173.02
24057.1 164.743
23979.9 160.824
22527.3 158.46
25529.8 165.535
23672.4 163.164
21066.6 156.828
22569.3 159.967
27875.7 169.804
31335.9 173.897
15789.6 116.849
30234.2 173.683
23797.2 162.873
25567.3 165.215
19249.2 145.594
30187.1 174.305
22202.2 156.718
28419.8 170.476
22362.7 156.846
26097.8 166.004
34133.9 179.549
23688.7 164.88
24749.8 161.813
33726.2 175.637
33357.2 177.998
20887.8 151.17
18793.4 143.176
16321 131.008
25707.5 166.768
34298.1 179.014
18529.5 142.713
31538.3 175.366
22814.1 165.074
30628.9 174.005
28052 170.767
16632.3 122.661
30103.6 174.071
22919.3 160.403
20059.8 146.844
16508.9 124.149
28859.6 172.624
31812.4 175.002
26671.2 166.793
28663.4 172.49
28437.2 172.302
33578.5 177.663
26178.7 166.605
24745.4 164.715
34496.6 178.913
23454.2 159.716
28024.4 171.181
32177.7 174.314
29866.5 174.605
22352 155.872
19219.2 143.805
18123 138.433
22445.3 160.526
17282.6 133.493
33730 178.051
33537.5 181.569
31114.2 175.565
25743.4 0
23632.8 161.001
28736.2 174.203
32902.1 177.45
24857.3 162.879
22639.9 161.183
18743.5 141.767
33764.2 177.952
27720.6 168.956
25533.7 167.412
30604.5 173.506
27089.3 169.709
31070.9 175.204
26364.2 166.509
26182.9 165.881
31186.3 177.049
29987.9 174.044
19589.5 147.411
34592.4 177.199
25428.1 164.835
15430 117.42
21544.7 152.131
17254.2 130.06
27129.1 168.347
32862.8 175.922
16684 126.406
19776.8 146.144
17861 135.85
21635.3 178.508
16439.9 125.718
34846.6 178.519
25441.5 164.776
15410.2 108.504
23083.2 157.491
25434.6 167.304
34790.4 180.076
23762.7 165.019
29776.4 173.165
27554.3 166.974
23140 161.738
23225.3 160.043
29522.7 178.024
32959 178.3
27133.3 169.223
18242.3 140.458
18850.8 141.932
29957.2 173.248
34147.8 179.341
30936.1 176.021
27183.2 169.902
30201.7 171.799
28626.4 171.994
25872.3 164.6
17183.7 131.352
16065.3 116.564
29533.6 174.65
21640.3 156.51
34533.7 176.138
21597.3 152.562
27620.2 170.845
15855.8 117.946
30894.4 166.379
28841.9 171.565
23837 163.191
19632.3 148.143
27774.5 168.704
19471.9 145.666
29522.3 170.667
31357.5 173.585
22330.3 159.361
20355.2 151.648
18538.6 138.056
31867.4 174.282
18283.6 138.291
18606 139.819
34533.6 999999
22415.9 157.159
19594.9 146.779
28856.8 172.708
20276.9 146.224
16164.2 122.471
29176.3 172.368
31745.7 173.346
28680.3 172.338
15227.4 103.956
21598 155.72
17557.6 133.856
21994.3 155.738
23718.9 160.559
17035.9 128.979
20882.8 149.911
22353.8 158.489
27535.3 169.938
24473.2 164.249
28476.7 169.56
28607.1 172.916
20996.9 154.307
33411.9 178.929
24544.7 163.505
20701 152.573
22299.3 157.849
26769.6 169.629
33519.9 176.041
21086.1 151.037
31943.3 173.169
15408.3 113.037
25616.7 164.856
24555.4 164.956
19389.5 144.197
21996.5 156.572
24873.8 167.193
28204.5 167.689
18755.9 139.833
17991.2 133.012
17936.5 137.268
18740 141.612
32914.1 177.249
25408.1 164.279
19963.9 149.673
20548.2 151.24
26002.5 165.914
21542.7 155.831
22089.4 156.222
31756.3 177.111
18006.2 138.115
24987.6 165.782
33815.7 177.535
34804.6 176.544
31181.2 177.294
19211.3 143.416
22555 155.394
23037.5 162.086
34215.3 176.432
18748.4 141.625
17593.3 135.655
20239.4 152.661
21378.2 151.933
22292.3 159.961
29955.4 175.252
26130 166.885
26789 169.63
22216 157.735
25040.2 165.138
15408.4 103.262
26110.8 172.056
17522.7 134.453
25842.6 166.358
30386 174.442
23335.9 161.711
28064.3 168.212
18087.7 138.468
19894.9 149.333
27672.8 170.527
33870.3 178.58
21544.1 153.138
15411.3 129.762
20255.8 149.562
25760.3 165.949
28282.7 169.137
21301.1 151.69
17509 135.491
29036.6 171.005
28997.1 174.097
24773.8 164.726
27438.4 170.225
18303.2 137.661
31845 171.965
17334.9 133.879
32086.1 174.808
28371.7 170.188
21158.4 154.849
31622.2 175.303
22338.3 159.784
26475.6 167.378
20705.4 148.252
23278.5 160.3
30510.3 172.719
27454.3 169.73
31410.2 175.42
31782.7 176.567
19640.9 146.236
22053.4 156.668
30707.3 175.934
28049.6 170.124
22704.1 160.016
25946.9 165.798
28716.7 171.822
28746.5 168.762
21252.2 155.667
29840.6 173.966
21036 153.653
24489.6 163.846
20691.7 152.71
32805.2 176.206
28298.4 168.928
20652.8 160.593
31553.1 175.65
29459.3 172.703
31062.5 176.113
22680.5 160.534
19810 147.668
21741.7 158.921
22689.6 158.62
22808.6 160.013
18446.4 141.225
30855.4 173.24
31260.8 172.414
21526.9 155.715
30488 174.452
16889.4 128.215
24936.2 167.16
15435.9 108.747
18500.1 141.168
24140.3 163.106
27908.1 172.301
26604 168.519
25703.1 167.731
18785.7 142.178
34540 178.623
23189.1 159.759
15881.3 110.806
17216.1 136.596
27469.2 167.802
27002 170.301
23045.8 159.539
22264.8 159.132
34634.4 176.115
19687.5 143.556
28110.3 170.723
25768.4 166.062
25291.4 168.903
16686.2 129.568
20043.6 148.339
24489.7 165.674
28193 171.778
34710.6 176.745
16915.1 123.216
25165.2 164.392
18664.4 141.476
25002.6 166.809
29644.4 174.296
19826.7 152.325
19153.3 143.69
17359.7 130.534
29270.8 173.177
23050.6 158.005
25566.6 165.845
17120.7 131.804
17450.6 131.093
30418.9 178.167
21801.9 153.59
32251.3 176.753
29125.6 172.279
33746.5 175.211
17548.9 134.562
34966.3 178.437
25470.9 167.276
32765.1 178.484
20468.7 151.877
21816.9 157.018
19803.1 145.492
28882.3 172.705
22920.7 159.244
17017.5 130.09
22985.4 162.426
17414.5 133.13
27166.6 167.988
17749 135.219
29323.2 175.249
34896.6 176.744
16136 122.706
15509.1 112.139
24834.9 164.748
17140.7 131.284
29285.4 172.347
29010 171.508
33940.6 177.062
28431.2 171.452
27490.2 168.159
30900.6 172.732
16998.7 128.84
29003.1 174.405
15372.5 109.19
31293.8 175.271
30547.8 175.765
33706.6 176.665
27692.5 169.975
24511.2 165.758
32607.6 174.731
17079.6 133.472
31403.1 173.843
27722.8 167.824
20244 147.998
27002 168.65
24310.2 160.306
32191.5 174.917
18216.4 135.217
19448.7 148.191
32312.1 176.5
25619.3 165.84
18030.3 138.458
25470.6 167.866
23486.8 158.619
20171.7 149.483
33062.4 173.047
29245.5 171.841
33274.1 177.642
21163.7 153.059
20661.6 152.964
23905.2 158.353
34122.7 999999
33529 176.849
26352.1 167.134
21053 164.301
27279 170.378
23939.7 171.54
33502.3 176.035
29721.2 174.427
34994.5 178.561
22440.9 158.708
22746.2 157.559
25046.3 163.953
22519.8 158.096
26525.9 167.804
15093 102.975
16447.9 121.154
27395.8 170.461
31655.2 176.048
21834.2 157.585
29801.2 174.765
32057.3 173.425
25082.5 162.859
32946.8 176.08
30498.1 172.398
27065.5 168.449
23667.1 161.486
27715.4 168.961
28099.8 175.046
32874.8 173.904
21700.6 154.594
29349.7 171.345
19151.1 142.208
18642.8 144.199
22354.4 154.724
23260.6 161.665
30710.5 172.318
20192.8 146.845
26630.3 166.638
16228.3 124.157
26133.4 166.131
29941.1 172.218
22980.6 159.826
25005 165.664
33912.1 177.714
29894.1 174.631
27286 171.454
15224.4 109.96
24509.1 162.708
21212.4 154.215
24975.3 164.544
26332.7 167.444
22674.8 185.669
21877.1 159.775
27207.7 165.507
30277.5 171.948
26524.4 167.376
26930.3 167.762
33566 179.325
26955.2 168.98
23810 163.441
18650.1 140.902
17719.7 136.277
27685.2 170.331
19015.9 140.856
23176 159.327
34799.1 176.741
24446.5 164.354
16008.7 118.745
20487.4 154.372
23234.2 162.323
31451.8 176.28
34324.7 179.36
34059.6 178.08
19306.2 147.36
29892 171.958
18663.3 140.679
25963 166.315
24188.9 161.376
28827 173.123
34587.6 178.755
20072.6 147.903
26879.3 169.082
27123.7 170.361
30436.1 172.457
25214.1 166.011
30849.3 174.329
24910.2 161.555
21231.1 153.124
34594.7 178.008
28124.4 165.977
32503 173.945
25836.7 165.664
25518.7 168.53
21781 157.627
20545 151.013
31415.6 174.407
28598.5 170.663
24028.2 160.131
31534.9 172.992
29503.3 172.136
17541.6 135.391
29704.6 173.295
30940.8 176.805
29733.4 172.934
26326.8 167.559
32282.5 174.524
19128.8 146.665
19550.3 146.719
20831 151.89
17392 131.499
21658.3 157.531
29392.5 172.666
30406.7 174.902
28215.9 171
23903 163.338
20810.6 140.673
34949.8 176.566
32446.8 175.765
32667.9 176.645
28734.1 171.739
29987.7 173.687
19201.9 147.65
28686 169.635
27517.3 168.134
23860.5 161.024
22034.2 159.402
24413.9 164.115
23216.3 161.236
29568.3 172.818
20783.1 150.782
27776.6 170.297
27965.6 999999
16457.3 125.596
31295.5 176.865
33729 179.109
27480.4 170.426
34276 175.824
33819.1 173.959
24645.5 167.39
33918 177.221
29188.6 170.752
29293.9 174.267
26008.2 168.236
31841.2 175.411
29085.4 172.388
25606.5 166.238
33459.2 174.705
27100 169.576
31992.7 175.237
32654.8 177.729
17722.8 136.34
17489.7 136.424
28138.7 171.267
28498.2 167.166
18433.9 141.882
20992.5 153.782
28402.5 168.291
27543.6 169.403
31257.3 173.329
33542.5 178.149
28598.1 178.99
15506.5 114.904
20372.2 151.962
28000.1 168.971
29966.4 174.939
26292.8 166.146
20152.8 150.727
33083.6 175.046
31917.1 176.95
27745.3 168.274
26017 171.685
27097.8 167.799
26580.1 167.804
19446.7 148.363
22126.7 157.924
29647.8 172.323
21458.6 153.567
24441 162.458
21397 153.525
24606.2 163.311
27194.8 168.894
17660.8 132.645
15888.6 120.472
31666.3 175.4
26597.5 169.992
23130 162.923
21564.3 154.913
15230.7 110.348
20925.1 156.038
17661.4 130.733
27993.4 171.485
33439.3 176.585
20228.1 149.734
25463.1 165.713
29001.3 171.053
34976.8 178.991
27930.4 169.927
20020.4 150.623
27808.9 168.894
24984.8 164.82
28034.9 170.708
27732.4 169.932
21291.8 153.547
15341.1 112.389
26699.3 162.932
15833.3 118.369
25504.3 164.65
24257 162.928
20898.1 153.358
15825.8 119.107
27341 173.921
23762.9 163.425
18608.3 141.679
30474 174.049
28980 173.629
22097.6 157.674
19511.8 145.954
34936.1 179.341
29198.7 172.585
17781.5 136.758
15872.7 117.669
22179.9 156.817
16701.1 130.195
22991.9 159.621
26930.8 169.283
29094.3 173.666
23460.6 160.277
15167.2 104.753
22883 159.469
18433.5 139.054
25633.6 166.896
34910.7 175.579
31267 173.563
15333.4 110.131
28136.2 170.184
17684.9 137.605
19741.8 148.237
33913.2 174.258
31250.6 173.345
22354.2 157.481
16599.8 125.755
27200.2 169.521
32263.6 174.78
26837.4 167.725
30051.6 173.253
15063 102.225
20057.1 148.57
28430 171.508
29664.3 170.14
25814.5 168.65
34519.7 179.267
30492.5 174.504
25513.6 164.816
30161.6 172.794
17158.9 128.804
18604.1 142.686
22230.8 156.905
33714.7 178.371
20728.2 151.886
22747.3 160.986
15949.9 121.658
26089 168.258
22933.1 157.763
27794.2 168.108
32629.1 175.338
30070.9 182.098
32728.5 178.405
27750.7 169.701
28511.2 172.352
21617.8 156.196
21429 154.987
19713.3 148.873
20919.6 153.26
18602.5 142.013
22478.5 158.963
25834.1 166.359
34289.5 177.541
18170.8 133.422
30641.4 173.909
34469.6 178.15
26850.4 166.836
34960.5 179.846
17359.3 134.802
31442 174.067
34532.6 176.109
29553.5 171.458
19917.5 147.208
34700 179.65
22437.9 158.041
27266.5 176.42
29640 172.435
30568.7 175.549
29663 172.372
27779.7 169.354
26947.8 166.378
27903 171.509
21047 156.14
32111.8 174.917
18811.7 141.818
34763.7 179.4
33574.7 177.965
25779 170.592
27408.9 168.101
32456.7 176.162
28890.7 172.835
22875.5 156.945
28772.4 170.488
17796.3 134.115
15479.3 112.849
27151.3 170.926
28712.6 168.595
34000.8 177.204
21562.5 157.072
30291.7 172.953
25511.8 167.877
32840.6 174.522
23709.6 159.9
20801.4 150.433
31962.1 173.639
19036.8 145.535
17849.3 134.518
30999.6 175.56
29978.6 168.692
31377.2 176.058
24135.8 161.76
32602.9 174.847
15894.3 115.143
16847.5 129.001
22426.1 158.932
20614.3 152.223
23599.7 160.348
20349.4 147.912
26688 168.39
20639.5 151.641
34328.6 178.89
15804.1 118.656
18856.9 144.451
27597 173.058
18180 140.012
15286.5 106.042
25877.4 164.719
25997.3 166.802
20004.4 148.602
29526.8 170.676
25010.1 165.387
26267.9 168.092
28019.6 170.289
29689.7 173.238
17110.7 91.0151
27215.9 170.282
29323.2 172.705
18612.3 130.598
17340 133.044
31343.4 173.765
31376.9 176.195
20497 152.998
28168.4 172.138
21693.7 157.036
21233.9 151.261
15301.8 109.989
34568.6 175.141
31892.8 176.404
25010.7 164.484
32767.2 175.577
28034.8 167.389
20556.7 136.041
15078.6 110.251
32168.8 175.873
22983.7 157.931
27831.6 170.704
19903.3 147.253
18770.2 143.319
30909.9 173.014
23661.2 162.57
15032.9 104.524
26955.7 168.49
25859.3 168.074
29016.1 172.056
25831.1 168.541
33050.3 176.921
17546.3 132.58
15291.2 108.482
20997.3 150.599
27948.5 168.296
28431.1 172.367
15623.7 115.285
19898.2 149.776
29623.9 170.834
15088.4 106.642
24322.9 164.707
19184.3 138.935
20050.4 150.23
32228.7 175.893
16486.2 120.587
22123.5 159.597
19835.2 147.738
30524.2 175.241
33814.2 177.348
29175.1 173.255
27529 170.037
23106.3 164.715
31677 176.783
34983.9 178.46
34879 176.748
33744.8 177.916
29115.8 175.706
15804.3 117.071
23161.9 159.113
15511.4 116.347
34338.2 177.041
26745.9 168.016
20891.1 152.809
30066.5 171.427
33422.9 177.688
34239.4 181.731
32058 176.943
29210.3 171.473
22369.4 159.057
18503.4 139.304
29897 174.022
30443.7 173.895
24862.7 163.204
28853 173.249
32085.3 174.541
30294.7 173.879
30786.4 173.665
18952.7 142.831
23645.2 164.602
21275.9 154.643
31982.3 175.479
19075.8 134.478
20859.3 157.43
30189.7 172.61
27502.5 168.835
21365.2 158.785
18584.9 142.715
19153.1 144.791
26812.4 166.87
22776.2 159.943
33059.9 174.818
20932.4 152.314
28814.1 169.522
24513.5 162.47
27429.5 172.636
25600.2 164.203
23218.3 157.1
20312.3 166.96
31071.8 173.636
26831.6 168.489
18324.9 138.727
31077.2 172.06
21727.2 156.559
25230.2 163.398
20712.1 151.458
20868.4 152.565
20233 150.042
27540.4 170.099
32080.6 175.358
20511.3 146.304
26387.6 167.114
30668.5 175.091
34103.5 176.479
18325.6 138.861
34302.2 177.751
24327.3 162.992
27942.2 170.273
19283.6 145.743
33731.2 175.833
22493.6 157.458
18828.3 141.705
21830.2 156.112
26091.4 167.015
24504.1 165
27890.3 170.461
33715.4 175.053
17316.2 132.455
22887.6 160.598
26241.3 167.276
31038.4 172.784
30761.3 173.131
22598.4 157.803
33879 175.345
27920.2 170.747
24828.1 165.939
30227.2 172.234
27243.7 169.427
30024.7 172.673
24084.8 162.782
20987.2 149.635
22614.2 162.035
34567.5 178.319
18343.2 138.521
27900.1 170.649
34377.7 178.248
21350.8 155.269
28841.9 172.625
