167.763
179.017
145.87
164.697
173.103
175.27
156.715
175.312
158.751
147.985
144.955
175.689
138.381
163.635
154.759
181.248
132.072
108.817
168.814
135.816
174.132
175.755
163.787
175.899
160.888
147.218
176.828
172.145
149.459
175.373
164.539
169.426
153.414
126.654
161.183
171.151
148.774
142.969
174.684
161.233
172.501
179.153
143.318
173.637
153.618
153.955
158.803
176.29
178.698
176.777
144.931
109.312
174.138
168.113
159.487
158.386
167.902
143.268
144.911
162.68
163.363
174.696
173.918
149.697
177.28
151.224
169.774
163.033
174.672
166.383
174.368
171.401
166.16
176.078
172.189
162.685
147.05
162.863
150.537
128.72
174.932
176.448
149.118
173.656
171.605
164.26
174.9
175.381
176.812
150.357
160.286
171.95
161.044
151.062
146.092
173.895
178.214
114.588
170.694
148.142
165.385
152.308
151.612
159.74
152.017
145.696
176.167
175.363
162.325
178.724
158.12
143.325
168.989
171.033
173.143
158.356
179.944
169.202
124.829
170.741
174.1
174.435
175.457
147.061
169.508
165.699
157.144
153.538
173.023
139.961
178.864
160.557
176.358
165.824
158.406
122.147
154.989
152.561
174.901
123.407
166.759
130.244
172.295
171.114
168.759
151.893
167.412
116.885
170.719
129.022
179.412
139.06
173.767
166.675
159.663
159.978
172.04
161.957
158.438
173.816
160.938
145.699
135.179
178.168
179.387
172.953
179.557
178.03
168.144
168.53
180.402
169.362
167.963
179.239
142.273
142.707
129.033
108.845
176.338
170.297
145.874
164.353
109.998
170.905
176.316
164.214
150.903
142.614
173.543
162.56
173.59
179.003
161.669
171.489
173.57
161.198
172.346
147.938
156.619
174.204
173.867
107.169
173.174
153.153
136.944
124.618
160.865
165.459
174.773
176.113
166.413
155.83
158.82
164.249
176.136
176.992
174.03
173.619
162.578
173.474
162.667
173.449
166.962
171.893
178.791
171.705
162.633
132.676
169.432
126.312
152.647
170.062
172.697
159.619
148.232
107.243
172.509
131.649
176.766
166.578
162.145
177.492
160.621
178.605
158.857
174.501
174.808
166.898
175.891
131.12
162.022
150.398
177.373
162.901
156.804
125.878
142.52
175.791
150.959
163.361
130.789
177.876
174.523
178.585
173.074
168.109
165.631
175.768
168.23
173.931
172.932
177.933
174.385
131.513
170.749
171.774
175.346
150.995
122.765
156.77
177.247
138.991
172.014
176.824
159.748
168.176
132.772
168.339
153.272
145.292
169.023
165.603
170.601
162.139
152.6
169.277
173.893
172.483
177.097
126.152
169.939
167.072
165.579
147.369
167.25
168.749
162.623
174.736
137.375
151.092
160.197
160.92
180.254
154.113
134.955
175.405
176.096
115.584
150.088
176.928
119.546
0
172.066
176.402
146.536
177.41
176.796
174.723
166.862
138.73
174.138
162.191
162.443
174.95
125.626
150.28
174.628
155.789
166.56
142.184
168.612
115.171
172.322
156.682
168.405
152.968
168.844
143.85
169.015
172.517
170.917
151.811
136.108
176.872
165.225
148.366
166.29
180.161
173.778
145.039
164.317
172.468
171.815
166.751
115.937
172.364
174.483
154.394
139.889
162.039
156.245
123.598
175.713
125.778
136.765
158.802
165.447
138.052
158.526
175.962
125.514
141.938
159.02
157.79
143.664
176.115
167.809
175.708
165.796
156.296
163.104
177.662
156.162
177.2
142.088
176.802
172.833
171.782
159.839
178.305
173.927
170.063
163.931
174.219
170.482
177.729
165.831
157.3
178.086
159.007
173.799
177.505
136.579
165.295
142.675
165.563
157.663
162.469
168.499
156.724
169.318
178.127
171.719
145.793
150.092
172.151
156.007
171.228
178.802
162.03
172.891
167.288
133.306
172.699
169.616
178.241
168.053
129.858
165.965
110.749
178.127
142.516
168.585
176.984
178.464
151.014
168.054
106.823
178.359
108.113
177.966
177.781
164.229
173.938
176.582
170.307
173.559
168.885
139.402
176.701
159.187
124.443
175.422
176.048
177.124
172.928
179.129
167.128
172.036
141.569
133.961
110.435
158.455
175.749
176.917
169.737
177.986
173.257
174.35
140.282
164.575
134.196
152.227
144.739
165.926
155.082
174.133
172.067
124.92
146.016
177.372
150.123
165.44
137.673
155.552
175.665
175.86
170.554
147.056
172.865
172.791
176.713
167.592
164.865
124.041
155.798
169.995
171.682
159.963
157.208
172.29
136.38
104.442
159.634
158.176
161.394
132.189
170.007
152.895
161.654
173.991
151.506
166.467
118.452
162.401
174.925
162.196
173.898
176.388
161.582
167.59
171.054
176.479
128.936
179.156
155.001
176.376
143.188
171.039
173.206
156.611
158.467
155.501
168.137
169.397
166.345
166.732
171.102
156.938
143.724
173.429
173.324
174.606
175.429
161.462
178.373
153.1
176.198
171.373
134.963
149.026
164.186
178.729
176.092
175.179
177.221
171.005
156.841
177.842
176.095
137.678
157.105
172.429
154.712
144.66
168.369
172.36
173.477
167.272
157.027
164.395
156.872
165.151
158.723
173.963
170.415
162.765
111.864
172.471
152.858
167.856
120.069
146.887
174.901
178.921
164.1
165.989
169.929
176.248
165.573
165.589
172.038
162.463
174.289
131.811
999999
136.284
127.206
170.495
168.515
134.42
171.73
166.531
145.853
165.048
131.945
149.438
176.128
176.395
170.425
161.513
170.24
170.25
158.736
166.153
169.587
138.084
172.902
126.093
166.263
129.141
119.729
166.338
177.623
146.781
176.977
157.291
151.565
177.623
169.688
170.938
167.87
155.081
173.002
171.581
175.867
144.886
127.673
114.925
123.467
161.573
156.315
108.661
167.9
160.953
160.127
177.198
167.281
173.674
144.557
165.98
176.724
166.274
158.935
115.834
164.642
177.301
171.306
168.138
161.867
157.796
166.501
165.652
167.212
163.222
152.643
116.144
170.076
129.128
177.94
164.894
167.333
175.919
167.628
172.545
126.475
158.068
160.868
172.058
169.483
141.287
173.576
174.586
151.374
116.548
177.043
168.152
165.925
167.968
173.129
154.442
173.951
129.574
174.743
152.801
175.605
167.538
172.476
136.228
157.941
160.009
171.126
165.538
172.334
160.888
128.97
158.906
174.959
140.052
175.52
169.867
169.87
180.219
158.291
177.614
175.818
156.511
167.412
157.444
164.173
171.834
140.66
162.671
148.431
178.755
147.374
164.955
172.41
167.568
146.227
159.129
122.377
170.193
166.741
160.394
170.953
178.998
172.741
177.034
167.553
167.545
171.648
174.104
155.636
178.427
141.587
164.257
159.23
175.242
144.442
153.563
172.217
160.815
176.761
174.268
166.451
168.785
104.32
176.294
174.795
150.232
175.045
171.319
172.176
159.214
176.002
146.873
175.198
173.682
169.247
159.975
178.399
144.731
123.429
174.511
165.182
166.682
168.455
168.205
146.865
142.968
166.295
174.748
157.655
172.19
171.554
173.333
131.017
168.316
169.315
146.746
168.623
157.66
176.566
173.408
170.385
135.359
171.698
168.047
170.82
174.799
170.692
173.038
174.007
155.149
164.523
161.686
170.953
143.457
168.593
172.926
159.164
177.295
164.881
171.255
177.853
161.776
129.561
111.637
173.83
130.77
150.839
154.812
164.233
152.171
112.706
176.141
178.828
175.603
174.637
175.138
174.015
175.923
168.917
140.503
179.592
174.443
176.931
164.404
173.37
160.29
134.173
177.329
171.842
141.161
169.123
151.378
126.076
134.902
173.332
175.587
162.147
174.122
173.187
177.709
171.684
104.418
161.162
128.988
161.922
176.514
172.389
170.213
175.101
130.823
174.378
173.742
157.082
174.966
176.781
153.862
148.883
164.06
174.437
173.055
159.851
176.337
162.036
151.922
165.579
175.072
134.285
168.381
155.59
121.456
167.647
125.003
172.757
128.289
179.657
178.129
177.369
156.738
173.324
173.148
164.808
175.513
155.58
163.168
174.339
126.325
144.155
148.848
165.271
131.856
126.955
174.529
128.87
175.486
158.395
173.778
151.012
157.862
151.354
176.396
153.733
172.426
166.911
160.614
163.88
178.116
175.53
173.354
134.961
118.158
176.019
178.332
161.499
174.149
174.437
137.826
132.41
173.951
174.251
157.773
150.693
165.855
171.239
174.737
174.408
163.399
176.53
173.65
138.539
173.229
178.631
161.743
150.635
152.653
160.494
177.007
174.476
156.031
172.925
172.702
170.214
171.261
178.885
176.751
172.723
174.493
173.178
177.241
166.91
174.899
161.194
153.859
177.66
149.365
142.941
169.071
158.491
179.609
132.844
156.646
178.754
167.921
176.548
177.421
174.883
174.702
160.41
138.58
171.436
175.769
148.869
144.147
167.207
176.406
135.642
164.73
164.893
124.05
172.836
173.577
158.474
170.976
144.268
172.487
121.915
166.919
135.724
164.356
137.416
167.71
174.223
148.963
169.099
169.318
138.152
149.26
157.389
177.825
172.675
179.548
177.897
178.261
173.622
165.214
176.389
173.729
178.769
170.926
141.26
148.136
175.932
173.278
146.85
165.435
158.047
165.076
137.978
169.659
176.757
165.072
166.536
161.803
160.706
157.57
168.989
120.935
164.45
176.472
128.571
175.724
170.01
123.007
168.031
172.953
157.259
120.991
162.846
171.854
162.929
169.099
160.776
167.033
145.275
152.112
152.184
164.808
171.894
148.89
144.711
169.511
178.802
155.883
158.12
173.734
172.677
166.295
173.07
162.355
148.735
119.133
156.92
139.158
168.203
140.103
148.728
165.955
137.956
172.225
167.322
166.976
170.695
176.813
175.817
176.843
170.771
169.41
173.208
126.178
138.436
114.211
169.35
117.521
176.427
178.402
178.659
173.679
175.546
167.592
174.726
173.264
153.457
153.42
151.383
178.527
172.483
145.491
176.756
175.652
173.883
174.342
145.006
173.235
173.916
167.486
136.2
144.167
154.444
143.687
165.123
167.474
175.8
178.297
161.74
143.49
134.793
173.449
164.276
150.02
174.912
132.816
138.108
174.369
175.885
166.656
154.977
147.784
136.491
177.397
173.617
174.837
160.292
144.514
175.698
162.136
161.104
173.957
151.375
197.832
173.944
175.715
128.768
162.79
166.409
133.875
169.794
173.205
138.056
163.958
180.555
166.077
173.515
174.691
136.601
173.116
136.597
144.491
175.969
171.916
172.32
163.777
164.502
164.265
140.634
176.294
141.931
176.064
177.902
129.108
163.522
173.536
166.28
173.225
172.47
171.543
171.85
131.581
160.109
166.698
176.206
154.056
169.103
137.642
173.5
167.704
156.169
173.711
162.788
169.361
165.334
135.909
164.655
143.394
157.75
143.443
110.182
177.401
175.828
139.3
116.612
176.067
162.357
137.221
160.815
153.519
115.763
169.756
128.263
124.487
145.478
178.102
126.043
153.23
149.784
165.027
175.784
170.376
176.212
132.998
132.854
174.602
177.952
169.869
171.07
157.95
178.583
168.478
172.205
151.173
174.5
170.741
175.184
163.197
175.694
0
178.435
164.182
151.974
160.178
163.176
166.197
137.611
165.887
174.904
149.94
159.025
164.369
149.319
110.947
160.238
104.778
176.173
165.172
175.034
133.845
158.043
167.124
157.586
178.553
157.26
164.264
155.153
172.771
174.661
153.64
177.648
133.194
170.596
154.736
170.447
175.542
178.622
179.078
150.757
170.359
160.403
163.747
155.461
168.598
174.704
163.157
174.761
157.566
160.756
166.036
168.134
108.271
141.958
151.085
141.826
157.088
178.003
145.553
170.525
114.998
171.415
175.014
172.136
163.257
138.513
177.774
130.283
160.009
172.946
160.641
176.265
174.652
142.697
135.449
177.676
174.126
173.889
163.942
169.623
157.332
175.882
143.482
170.314
115.464
124.242
170.037
174.414
174.918
169.296
178.799
171.362
173.574
166.087
174.781
180.461
173.272
173.211
178.022
166.098
152.865
168.467
167.346
164.948
171.749
178.092
138.938
173.695
176.035
133.672
165.259
173.244
111.504
157.239
176.43
171.322
159.723
171.005
170.787
166.518
166.347
169.344
131.342
166.41
135.729
159.978
150.091
146.291
145.327
168.723
175.116
171.007
159.066
121.051
162.553
176.847
176.472
158.801
174.592
166.237
176.819
172.036
162.648
178.224
155.19
153.064
121.842
107.954
174.54
124.271
170.25
161.971
169.347
164.173
174.024
147.799
172.128
122.227
171.897
153.15
158.794
174.391
116.9
133.607
172.493
168.12
176.307
166.222
156.985
161.013
166.352
167.877
157.123
176.153
170.904
171.807
173.723
169.396
174.852
173.95
163.762
171.67
157.601
132.189
175.398
109.328
175.763
178.33
131.45
176.302
163.592
179.524
157.159
173.433
154.727
153.923
144.719
142.053
161.867
164.868
146.585
138.991
174.433
174.266
132.786
166.488
173.626
172.365
173.24
154.397
172.304
176.106
173.78
164.046
160.709
177.043
167.187
164.589
137.302
147.857
167.358
153.438
179.013
168.632
176.823
164.2
145.853
167.849
171.327
148.749
125.242
151.32
165.806
133.715
164.45
171.948
169.318
172.125
156.683
167.954
169.909
172.123
163.239
166.302
111.548
171.498
136.67
172.859
174.608
169.061
164.381
158.407
170.887
151.524
148.867
175.108
171.94
163.938
178.14
172.809
171.951
171.101
174.651
107.295
124.596
150.819
157.654
130.029
153.956
153.552
172.19
170.023
170.28
164.116
149.329
122.768
166.156
155.574
169.241
175.613
174.857
166.587
167.95
142.054
125.264
174.424
114.292
177.551
105.497
171.875
149.004
142.351
143.347
147.332
173.179
149.247
146.65
167.658
175.443
156.867
177.753
167.152
104.136
142.037
147.811
178.255
154.278
177.598
163.199
172.038
158.664
149.942
172.292
160.979
136.888
150.567
178.875
154.39
169.898
136.506
170.42
171.707
169.791
138.114
177.5
157.791
171.42
169.367
168.77
162.549
176.967
161.029
147.636
153.913
175.007
169.338
143.245
166.017
170.967
148.089
146.16
152.463
176.907
173.266
150.379
147.708
172.292
135.862
176.903
174.792
176.59
171.048
179.432
168.792
165.481
150.896
174.352
167.766
178.301
103.242
153.38
171.369
174.545
165.677
153.833
162.725
173.153
165.698
122.749
169.038
168.432
155.804
173.598
147.636
171.637
177.722
156.704
152.295
155.766
173.783
158.283
158.712
152.315
141.668
172.286
147.689
165.251
169.205
165.587
153.114
139.992
154.956
171.306
156.562
161.669
174.066
171.491
130.795
172.293
166.232
156.673
131.245
179.414
166.689
174.803
173.164
163.783
128.806
178.84
138.213
175.234
178.207
164.889
148.745
169.743
174.491
115.513
154.136
173.706
148.852
167.104
167.797
177.415
177.792
175.954
143.385
152.932
125.828
174.779
156.258
163.375
168.262
161.087
175.274
163.871
167.534
151.353
128.146
167.169
122.296
164.917
112.85
171.413
139.562
146.554
175.673
175.082
174.556
157.151
176.005
175.803
134.318
163.866
147.397
102.079
136.391
168.918
149.264
171.096
171.654
177.942
166.166
174.396
165.862
167.071
156.245
152.406
174.615
172.807
170.588
151.637
172.022
153.584
175.955
167.048
174.985
109.545
171.302
177.065
120.132
143.187
180.045
115.905
163.82
112.694
173.259
136.557
168.506
175.205
174.748
131.189
172.9
171.936
172.828
170.708
148.554
168.427
176.033
170.885
152.783
165.147
144.703
111.027
120.655
141.361
169.119
165.881
165.557
171.228
165.984
148.503
170.643
132.591
176.907
169.826
170.362
167.13
999999
174.93
135.152
177.883
177.166
175.011
149.613
162.392
154.717
137.813
176.239
151.037
167.601
180.354
176.959
177.517
149.819
176.439
167.863
151.692
166.898
165.706
119.069
163.117
171.859
168.829
180.302
145.921
162.815
177.718
115.901
164.414
149.41
135.938
177.23
163.689
173.817
171.432
0
147.468
173.765
139.024
173.875
174.273
174.254
148.185
155.97
152.37
174.382
168.887
171.792
139.335
166.497
170.096
144.478
176.326
161.4
124.717
163.492
175
169.342
169.441
173.98
177.886
162.612
170.441
151.437
167.447
136.834
161.248
174.216
173.304
157.042
173.464
161.867
136.789
162.876
161.143
166.599
174.117
175.176
154.904
142.06
176.168
169.01
172.458
174.917
175.758
170.085
113.463
168.881
140.694
173.573
176.409
175.334
142.605
117.251
172.321
164.752
159.725
170.954
158.33
166.455
176.9
155.789
163.391
126.48
139.681
178.215
135.716
120.911
160.802
164.309
168.572
168.217
135.81
173.323
165.513
169.572
140.881
168.529
145.306
160.978
156.608
175.493
159.615
0
171.339
150.129
164.2
169.362
174.022
161.67
178.169
150.309
147.856
146.678
133.288
166.903
177.944
178.105
159.696
158.162
160.62
159.014
155.559
176.884
141.851
176.263
148.557
148.613
148.18
173.371
176.865
169.924
163.505
172.494
169.886
176.775
175.453
172.422
129.63
175.89
153.234
112.093
176.351
174.699
169.729
171.703
170.919
165.303
151.301
135.993
170.548
160.426
149.218
161.221
171.69
175.413
149.788
177.2
173.059
156.841
174.481
161.609
173.839
171.818
171.496
173.147
151.792
169.891
175.087
138.115
173.172
169.092
141.089
177.006
152.606
174.477
178.491
172.538
176.851
173.731
172.777
173.538
157.082
177.024
159.15
174.308
143.746
174.407
163.7
139.739
168.633
173.674
163.024
171.513
168.686
146.217
137.084
154.726
117.725
175.159
152.796
167.028
172.325
157.758
176.877
170.256
149.938
176.188
169.626
169.434
116.204
156.737
164.78
180.369
162.117
140.062
176.146
173.242
166.711
175.922
0
152.663
169.332
178.081
172.024
116.831
174.42
153.581
174.213
175.889
171.786
171.709
119.785
177.737
169.856
174.265
152.888
160.521
146.491
165.957
168.914
169.711
177.764
177.506
138.316
172.332
136.628
177.325
178.661
166.747
124.316
109.498
141.696
175.906
177.613
171.667
153.771
161.156
143.806
171.804
172.29
175.925
156.456
169.815
177.1
174.203
168.648
151.557
154.613
161.25
137.825
162.152
150.4
157.406
171.708
166.302
117.219
169.812
122.484
165.677
174.047
175.18
130.374
141.897
168.546
178.687
163.258
177.492
162.839
166.768
122.061
177.63
129.944
178.881
174.173
128.644
175.281
172.34
112.307
163.049
174.682
174.612
163.091
173.604
109.455
171.621
131.059
164.305
159.477
160.15
174.225
154.513
175.14
163.226
159.829
174.562
175.795
169.469
177.105
157.086
170.12
999999
145.374
176.894
172.81
142.416
165.028
110.046
160.845
175.113
158.854
160.339
172.775
175.308
139.094
177.035
153.075
166.82
177.6
166.751
142.162
152.266
152.308
175.759
173.23
143.374
167.544
174.959
168.022
154.276
117.375
153.617
174.782
165.84
175.915
157.871
176.516
114.838
116.162
120.523
145.656
168.356
180.415
168.09
120.995
167.354
178.498
167.762
120.553
175.762
178.683
173.664
129.753
169.807
133.001
152.829
171.255
162.996
176.573
175.372
148.435
175.549
117.175
115.147
143.555
148.055
172.722
167.281
123.256
158.672
176.84
174.564
169.313
154.249
177.776
146.63
170.929
175.697
151.483
156.886
172.198
156.619
174.008
164.508
111.388
135.141
175.794
158.313
124.373
151.074
170.79
163.127
126.685
173.278
177.773
132.585
175.874
144.673
170.319
148.588
104.953
160.673
126.427
162.54
176.259
176.839
174.039
173.98
148.959
158.826
165.751
163.787
162.297
168.795
165.612
176.935
162.676
169.146
152.665
160.29
171.056
147.945
158.158
172.485
166.83
174.602
161.047
175.975
153.231
144.38
117.178
176.649
171.183
172.423
167.154
141.06
175.159
132.475
176.933
167.271
175.44
135.337
176.565
150.506
141.767
176.609
149.933
177.854
161.075
176.668
176.878
170.13
176.425
145.817
175.381
165.121
174.166
176.998
139.643
160.586
161.842
176.687
163.077
127.24
164.502
110.644
164.101
176.728
172.16
174.409
170.84
157.11
165.656
161.188
158.961
168.805
154.539
173.229
148.321
173.641
154.314
175.887
170.676
167.032
175.421
176.588
158.578
172.948
164.556
163.24
116.966
170.394
167.903
171.648
173.803
152.232
164.023
162.701
138.765
165.07
174.169
171.945
175.265
146.936
166.124
138.577
174.465
158.559
158.422
147.841
174.622
169.861
108.827
130.37
159.789
167.664
173.013
148.787
160.021
174.097
172.653
109.809
157.086
147.385
175.655
174.515
170.283
179.073
172.885
176.549
163.95
169.15
123.167
175.169
160.419
153.845
174.447
175.209
151.31
143.618
177.38
156.658
157.886
161.37
172.702
131.628
171.823
155.111
161.6
153.568
160.316
174.266
165.623
140.648
179.825
176.793
176.558
156.407
154.942
133.807
170.508
175.485
179.834
162.695
164.734
176.058
119.406
168.753
176.444
177.077
165.022
170.101
169.059
130.013
167.775
162.066
167.092
155.229
151.67
146.497
161.86
174.261
167.191
176.891
165.944
174.18
111.22
127.901
173.812
158.736
162.615
157.455
136
175.314
152.965
175.371
174.601
156.26
177.876
164.344
172.21
149.622
142.389
173.129
173.872
163.507
117.066
165.772
173.606
175.823
157.224
171.174
121.428
159.339
166.047
171.853
165.241
172.02
172.573
162.596
129.96
166.615
159.427
170.658
175.959
120.995
169.821
157.103
176.946
134.166
160.051
161.807
174.492
170.951
164.818
148.265
171.086
173.85
118.058
137.871
108.554
193.659
126.187
168.231
169.925
158.391
173.1
142.956
130.86
146.796
168.901
172.806
166.323
167.59
160.217
135.408
161.587
170.509
126.749
165.523
176.635
161.714
166.923
117.383
138.984
173.981
156.045
152.3
164.586
153.17
102.965
147.122
171.978
164.525
163.027
158.396
170.962
133.136
176.814
172.433
158.574
183.971
137.095
155.683
148.794
167.222
176.804
171.554
117.654
169.316
176.685
174.006
173.941
171.78
131.919
168.575
163.074
179.829
130.039
173.47
129.293
166.008
167.846
130.747
147.779
157.607
174.146
173.48
159.913
147.519
168.786
160.05
175.302
169.69
169.022
159.566
174.082
999999
171.884
155.518
175.714
145.878
164.735
166.96
165.04
157.396
171.074
168.092
138.094
171.363
117.477
157.49
173.771
169.776
173.061
173.809
173.306
134.234
175.889
163.549
169.484
170.338
163.308
165.666
161.971
170.407
174.507
174.137
156.3
168.25
153.191
119.316
172.539
140.827
174.188
170.81
171.651
177.452
128.167
172.778
155.484
107.006
132.104
162.786
170.305
144.519
145.137
165.645
171.702
177.802
171.337
118.106
153.409
129.649
156.205
174.395
175.86
121.614
153.528
174.481
167.401
175.893
129.787
160.274
162.515
159.757
144.738
160.02
171.998
177.23
176.017
174.335
175.547
169.252
149.345
162.499
146.447
174.766
157.209
174.632
175.844
175.825
176.882
136.862
144.125
150.411
171.445
141.331
178.211
146.452
176.304
160.06
162.497
150.54
152.348
179.063
160.265
157.21
174.169
159.287
150.852
144.749
176.251
166.731
165.82
166.436
177.978
160.673
115.897
178.968
177.574
134.914
127.154
177.72
174.323
163.168
164.922
174.334
136.667
168.659
115.423
159.994
173.706
175.315
174.577
170.053
109.052
173.901
176.397
125.497
172.828
176.087
154.445
152.95
172.007
161.946
110.582
151.119
151.273
152.105
154.92
175.209
166.849
165.144
160.272
176.887
167.229
159.905
104.27
140.391
160.44
169.312
150.294
131.853
163.945
174.447
174.967
180.711
105.279
178.42
175.875
159.473
176.584
176.291
154.261
161.034
179.513
172.298
175.789
170.298
147.068
161.321
172.027
171.265
175.964
172.518
172.52
142.535
178.971
166.973
176.908
171.429
155.491
178.867
171.694
175.064
173.442
165.23
177.267
126.06
125.984
177.605
176.303
172.994
163.282
175.999
172.349
151.813
172.266
178.732
141.553
147.857
172.748
170.178
174.095
179.214
153.96
172.159
172.754
157.604
150.698
119.292
161.796
177.307
172.055
164.345
109.717
175.145
130.504
172.201
164.988
154.618
168.413
173.407
162.779
166.757
175.904
144.546
175.734
139.858
169.668
171.8
174.247
171.88
173.468
161.673
159.921
131.445
180.082
158.679
165.026
150.061
170.437
150.88
158.399
167.728
177.495
173.526
173.393
155.759
180.096
168.672
161.91
160.802
178.064
174.775
167.122
174.546
167.85
173.943
155.306
173.017
165.642
165.907
173.439
169.682
177.396
160.049
176.764
111.714
175.985
159.005
169.295
175.767
110.999
177.462
138.91
178.026
168.336
174.52
168.305
147.871
161.539
162.788
175.427
165.606
151.303
164.871
166.663
172.161
167.812
109.35
138.139
140.874
174.039
170.96
112.55
175.477
162.711
171.2
177.602
118.173
114.497
175.925
148.588
177.49
133.356
155.681
168.832
178.02
175.821
150.974
162.856
112.434
155.343
128.209
169.031
171.39
157.86
174.64
154.856
173.651
173.578
152.786
165.027
147.961
141.517
174.022
166.176
165.172
169.701
171.771
162.977
164.619
151.981
166.548
171.316
169.18
144.577
161.631
150.431
169.475
160.022
174.573
168.063
173.26
158.463
171.235
148.027
175.183
152.054
153.51
162.093
157.566
167.357
143.52
156.193
174.67
159.052
160.048
175.577
175.844
168.38
152.396
177.633
177.813
168.49
176.014
165.889
177.321
169.119
156.564
131.13
161.335
150.233
173.972
158.549
148.146
177.432
170.817
163.53
147.767
150.984
165.913
157.553
164.831
156.199
171.249
161.334
142.743
134.776
158.803
158.703
159.85
160.852
175.841
172.849
164.431
127.508
165.769
174.157
167.855
152.928
177.102
176.734
161.374
170.098
175.901
157.738
174.906
173.313
175.839
174.751
176.33
176.889
157.791
159.677
174.761
169.881
123.011
162.884
177.656
172.195
164.879
156.386
164.38
165.369
166.781
175.575
164.856
113.454
176.033
162.292
152.784
169.8
169.578
175.551
174.454
175.004
158.209
999999
179.984
174.861
176.27
178.876
173.539
168.292
169.298
175.278
174.499
156.328
173.959
169.131
178.59
166.877
177.382
171.646
178.045
158.914
158.724
160.081
175.08
174.085
157.321
176.137
161.288
156.66
146.917
177.28
176.04
159.594
160.582
177.298
164.67
175.349
164.535
107.496
161.001
172.716
172.446
172.753
144.371
146.216
127.57
155.907
141.184
154.584
163.588
151.007
178.269
173.042
166.753
144.694
178.855
158.034
178.631
68.9878
140.647
177.09
173.185
178.264
134.752
164.305
127.528
157.182
146.56
133.868
177.309
136.051
178.566
175.044
176.715
142.993
174.541
175.581
162.706
142.485
148.341
164.472
144.302
155.398
167.313
146.185
168.282
175.176
174.801
163.193
176.016
149.984
166.852
159.648
175.37
158.269
170.337
127.893
175.826
174.437
128.195
167.764
128.501
117.759
180.709
176.976
172.435
148.371
173.123
150.607
152.637
170.118
159.698
142.842
157.332
146.206
162.613
173.801
151.969
149.743
177.318
170.119
172.401
172.437
157.401
176.127
167.248
122.726
169.698
167.525
169.333
170.798
175.459
173.686
155.863
173.898
156.237
169.761
156.082
170.348
137.108
159.348
177.172
149.127
147.667
141.152
158.459
165.861
180.748
128.788
177.468
177.748
167.994
167.757
165.419
178.865
157.88
168.375
167.17
131.419
156.291
154.297
169.924
176.577
154.22
171.507
171.806
172.353
172.081
148.981
174.761
169.682
165.405
161.113
145.506
171.6
173.35
174.173
171.494
165.45
169.364
170.323
157.642
174.74
150.802
160.956
176.79
172.088
162.602
131.71
163.756
132.941
116.44
171.189
172.623
177.895
179.198
152.932
163.775
171.419
142.452
170.349
173.037
116.318
102.615
106.062
138.908
175.873
136.467
144.254
113.044
146.309
176.252
173.694
174.592
169.366
163.764
167.22
153.943
148.803
136.5
176.156
142.474
167.498
119.077
135.128
143.125
173.152
176.221
170.219
123.897
138.207
146.824
174.205
163.645
173.85
169.811
127.541
125.086
155.783
172.171
176.275
173.175
114.831
175.18
178.339
130.631
143.276
176.495
171.581
175.377
141.719
148.998
169.231
173.839
177.931
171.533
165.509
124.323
174.064
133.913
175.04
159.128
157.672
161.442
163.853
161.723
166.379
164.79
174.477
156.131
168.134
172.234
173.474
168.07
144.267
160.608
129.699
170.752
174.327
157.598
166.905
118.493
133.422
169.369
177.896
173.595
137.965
176.753
134.165
176.238
161.854
129.583
163.114
163.366
163.106
162.322
138.39
156.636
128.454
156.699
175.633
118.301
174.203
172.734
173.385
166.939
150.372
170.797
135.178
168.054
177.551
172.116
177.294
149.462
139.541
157.656
172.99
129.95
156.601
172.905
139.886
163.354
146.138
141.561
161.187
144.813
166.646
175.429
132.289
133.817
164.673
169.926
150.704
110.158
151.266
161.917
156.781
151.089
158.129
177.082
106.776
111.179
175.631
149.917
178.87
171.45
139.249
135.465
149.078
154.289
132.188
155.144
167.547
154.514
171.686
152.132
142.962
156.436
166.168
176.318
118.152
164.085
150.381
162.716
146.426
169.428
170.478
150.975
176.106
142.947
169.838
177.191
150.682
172.468
174.942
177.066
155.931
152.357
169.897
168.487
177.975
145.628
164.236
174.51
159.845
155.201
173.972
167.251
150.605
0
169.645
165.019
175.932
175.517
158.53
133.296
177.066
173.809
136.643
175.97
166.706
145.144
166.942
164.837
178.025
165.967
175.51
172.942
999999
177.467
152.236
117.437
169.329
124.15
174.571
148.577
156.793
172.726
155.829
129.301
168.909
167.828
166.6
133.86
132.191
171.713
151.375
169.4
106.024
158.664
126.181
173.304
141.171
169.04
176.089
143.157
144.258
168.727
165.394
174.228
171.205
131.299
163.669
179.255
175.411
130.827
173.849
176.159
171.872
162.194
147.635
122.906
175.339
167.861
174.779
149.308
175.975
161.985
131.183
173.227
169.429
171.446
167.958
179.109
175.927
178.552
166.889
171.415
163.721
174.228
175.209
168.807
167.971
169.703
176.294
107.921
160.338
171.954
171.847
168.945
166.464
155.017
146.786
128.961
176.379
118.059
164.988
168.266
168.272
143.517
168.89
175.401
155.002
175.73
173.197
171.92
162.612
151.661
151.611
174.398
121.663
160.644
177.269
165.368
156.778
113.921
172.416
143.262
109.953
174.599
178.845
175.927
151.612
170.024
175.832
141.748
158.042
164.76
175.527
179.249
143.322
177.709
177.106
141.427
151.8
101.858
172.858
175.109
172.972
173.358
153.276
156.297
172.746
137.919
155.321
163.874
160.897
167.116
122.301
151.323
105.374
172.583
161.225
172.944
166.386
160.493
118.927
168.146
172.554
171.267
177.029
170.206
156.174
173.264
136.374
175.438
171.617
158.186
132.991
166.727
177.944
156.422
174.805
163.617
142.766
172.897
156.075
161.888
169.924
172.649
121.955
147.047
177.946
123.482
169.226
174.494
175.535
109.327
174.071
169.831
172.961
173.293
170.475
165.677
150.998
141.812
151.1
166.228
163.012
105.06
118.816
150.369
166.759
175.011
155.103
177.423
134.461
135.407
170.103
173.844
171.637
177.644
162.698
170.915
122.496
150.236
119.667
173.597
179.405
160.26
174.428
177.681
175.169
171.228
172.644
170.373
170.641
166.672
166.289
151.048
106.565
999999
159.659
159.624
175.581
176.709
179.228
168.151
167.55
145.389
176.31
154.684
170.671
170.439
170.659
178.65
127.11
132.559
175.916
165.349
178.778
164.961
168.279
141.613
127.48
133.993
170.084
134.265
167.648
149.345
169.25
177.973
139.939
174.202
125.351
164.802
144.888
102.858
176.53
157.645
160.982
171.229
167.887
176.96
165.716
177.652
157.692
173.173
176.653
163.938
174.292
174.394
170.966
176.623
172.362
176.936
156.832
132.223
134.615
143.37
169.74
174.4
162.49
153.282
167.878
162.955
156.042
164.108
160.107
146.057
158.598
118.113
167.963
122.824
162.143
138.602
166.548
168.378
170.33
171.84
162.4
136.231
177.704
172.659
150.937
179.111
133.811
169.886
179.883
137.482
140.246
177.914
157.616
135.775
174.119
158.302
164.047
144.105
153.049
149.938
166.581
174.886
155.613
108.3
177.37
158.1
157.413
166.065
172.891
174.025
172.697
132.346
158.297
160.659
159.864
153.766
164.172
150.896
163.894
166.536
164.009
129.212
164.158
148.963
169.218
160.626
149.728
168.289
175.088
175.874
146.394
161.332
148.021
171.422
173.437
174.54
155.395
170.934
177.889
165.473
174.084
162.171
171.078
149.275
173.035
159.709
177.498
142.796
173.976
140.16
142.083
121.908
129.922
172.933
169.551
179.751
159.569
164.451
167.624
172.129
175.029
159.998
170.482
158.907
174.313
167.08
148.255
153.145
177.482
143.569
173.166
155.888
176.587
142.79
175.507
159.478
134.299
140.148
174.774
177.213
139.059
116.651
161.817
163.216
172.374
172.429
162.052
126.129
149.731
176.748
165.923
171.486
163.506
172.479
162.861
157.807
151.053
161.145
165.6
176.128
151.57
142.052
165.006
177.28
159.149
167.84
147.41
117.221
160.679
171.267
150.567
175.881
116.755
165.63
176.757
160.218
171.407
174.612
173.274
121.75
147.972
175.792
108.734
175.277
157.453
999999
167.994
175.566
161.419
174.335
155.223
121.025
174.656
176.031
151.212
164.639
156.208
167.125
146.39
153.421
176.211
180.197
165.703
175.859
135.895
174.442
179.035
164.65
176.847
149.405
151.85
159.117
158.302
175.775
179.293
164.679
176.647
170.649
111.095
169.154
157.031
167.75
135.777
172.704
162.299
165.645
171.571
151.776
157.434
167.18
177.429
161.241
119.157
171.385
166.168
149.91
158.694
136.732
167.545
153.755
159.178
144.925
161.2
171.095
166.325
172.144
156.929
153.549
173.697
170.613
171.857
174.213
132.868
173.906
173.173
119.597
164.912
170.891
156.604
146.207
170.173
172.701
175.041
121.504
161.86
174.296
140.481
161.879
110.326
175.776
155.534
159.911
158.68
174.073
158.581
165.976
168.436
171.97
173.164
177.685
155.471
164.401
170.923
139.867
158.399
176.431
168.92
144.959
163.462
172.734
172.937
174.974
167.198
170.394
152.518
160.322
164.557
120.071
159.092
169.688
149.426
166.431
139.714
149.177
152.026
171.737
168.228
153.913
166.389
177.593
134.411
169.581
150.479
168.655
123.098
141.599
169.905
168.022
176.658
166.769
177.718
133.817
140.628
163.082
171.823
120.405
126.421
150.093
165.615
163.582
168.54
164.222
171.458
178.16
170.239
178.063
154.922
148.222
150.248
175.233
176.694
172.956
168.676
144.783
177.556
104.607
170.049
157.068
177.547
147.95
152.754
179.811
130.662
158.646
167.92
164.639
160.302
168.975
163.421
132.075
145.688
161.383
153.114
142.92
168.754
138.457
171.947
166.529
141.021
140.648
134.91
123.395
169.835
178.911
168.125
173.966
144.954
147.904
153.42
156.811
168.652
158.207
172.441
165.779
157.32
158.438
122.658
163.04
173.916
169.723
164.323
169.147
172.56
160.837
176.066
167.647
177.338
172.471
177.013
129.596
154.515
175.084
171.203
176.521
163.82
170.045
141.948
161.48
162.856
136.439
125.117
140.452
175.303
173.394
172.714
169.805
160.384
172.301
153.646
162.059
173.399
170.642
172.152
154.98
177.38
173.609
157.074
163.045
169.282
146.912
155.137
176.795
177.256
161.408
178.258
161.902
177.255
169.029
170.854
174.94
167.059
141.71
136.713
131.381
139.121
175.012
118.193
161.156
170.607
148.908
153.727
132.707
125.64
174.35
175.363
144.855
999999
178.005
152.221
168.815
170.038
161.413
150.068
148.593
172.58
137.711
170.889
154.532
174.587
167.39
167.339
154.987
158.645
155.458
158.352
142.466
178.566
165.677
162.984
162.002
135.44
165.015
159.779
172.143
172.632
118.203
175.029
167.654
175.951
150.818
174.847
173.094
171.193
148.216
146.158
150.157
171.167
172.186
176.394
175.028
171.798
171.679
170.377
144.366
176.245
137.726
161.531
174.947
160.008
144.818
163.918
164.712
126.687
170.733
173.103
167.21
173.886
176.134
174.033
173.89
130.93
161.285
130.974
142.645
122.136
105.992
172.522
153.163
179.087
119.804
167.589
115.25
167.708
177.664
174.986
163.169
170.992
140.958
131.809
179.263
143.26
162.94
160.058
141.204
175.73
159.059
124.23
177.304
174.146
160.253
166.125
174.932
163.034
173.557
172.86
177.162
168.825
141.763
175.798
164.223
155.796
140.174
174.661
152.92
118.371
169.047
169.767
140.589
175.502
142.742
150.159
171.706
176.238
169.791
161.542
157.182
170.061
178.015
150.784
128.698
161.031
172.827
159.014
168.756
178.713
175.473
167.941
163.396
175.174
167.485
111.021
110.906
175.519
167.657
161.037
148.79
170.007
155.487
142.127
173.651
175.018
174.52
150.478
177.889
141.924
177.816
171.499
164.304
161.342
177.979
130.956
177.08
147.68
173.824
143.5
156.863
175.79
174.585
163.56
162.957
172.521
123.593
162.082
173.072
147.101
160.632
96.0844
174.164
162.35
174.533
159.54
175.964
160.149
166.326
176.17
168.574
164.844
126.151
117.766
172.287
172.684
147.333
177.422
166.127
147.367
151.528
174.733
164.871
151.656
155.901
158.641
164.191
172.538
139.486
175.303
174.907
171.251
154.463
129.062
152.395
173.27
174.854
175.942
173.716
168.213
134.024
169.641
176.017
147.678
178.309
154.014
167.999
173.19
172.711
148.331
167.252
150.747
166.263
171.716
170.735
172.763
127.291
999999
117.43
147.414
174.043
165.628
172.399
141.036
161.491
176.556
177.262
170.729
161.395
163.133
165.54
162.039
137.723
174.885
148.615
157.941
159.566
187.659
170.654
177.709
170.455
163.332
173.306
122.772
151.931
172.665
158.399
172.503
160.36
172.449
163.94
178.36
172.571
162.744
165.198
175.402
166.53
168.483
132.005
133.952
170.854
180.398
177.637
177.048
164.568
124.25
170.838
176.81
145.374
169.574
172.9
149.493
153.41
162.519
124.492
163.952
166.91
172.779
166.179
151.871
178.636
175.618
168.996
112.289
177.165
159.272
157.288
168.097
176.681
171.188
141.238
175.774
177.027
164.465
173.302
174.774
160.306
169.842
173.166
160.124
161.025
174.27
162.435
177.515
175.57
164.188
175.859
177.759
173.311
176.963
167.943
173.808
166.844
151.854
149.851
121.104
165.143
153.573
133.681
175.38
175.549
176.17
164.971
179.54
166.249
168.446
175.204
171.681
167.229
179.001
176.61
176.669
177.707
150.784
148.579
163.26
172.44
174.898
119.961
148.919
169.121
162.273
174.358
170.123
180.516
174.482
158.309
135.522
173.215
149.314
108.707
177.029
173.789
152.959
173.724
172.869
142.695
174.964
175.324
154.539
159.085
174.456
144.956
162.395
168.865
170.802
177.709
175.433
142.742
165.014
156.854
165.715
162.777
114.238
167.809
176.131
127.78
177.678
176.764
163.508
170.166
161.066
172.743
178.266
172.859
177.869
175.498
160.395
168.803
176.473
154.445
127.762
178.6
174.85
179.425
133.387
164.051
148.151
134.83
171.056
160.943
174.765
177.961
157.968
175.612
135.305
127.705
166.78
172.872
176.388
137.165
160.647
153.403
178.9
175.627
177.372
174.262
133.673
150.03
0
170.138
165.827
176.951
187.109
164.702
176.913
134.209
166.367
141.323
159.945
115.981
162.123
169.15
163.928
174.298
158.479
133.157
174.632
147.405
134.964
117.255
179.807
164.683
149.54
176.999
168.867
127.849
127.535
170.927
157.479
158.967
161.154
172.458
167.729
175.651
173.973
148.162
176.447
172.045
159.415
178.267
178.393
158.179
167.344
169.813
119.224
174.613
165.873
167.5
175.999
113.519
113.772
168.396
165.921
172.809
168.714
119.415
174.026
162.235
144.405
157.877
154.768
175.736
174.558
166.73
170.308
134.847
147.724
174.861
169.866
142.046
168.938
160.671
135.31
171.028
999999
160.213
162.185
175.589
162.061
173.637
175.38
172.429
117.555
176.302
166.733
165.112
167.934
172.968
168.345
156.94
118.782
152.083
176.953
161.615
171.979
173.615
146.183
999999
166.982
164.877
131.109
168.779
152.96
134.706
134.166
179.533
167.504
174.093
169.512
175.941
150.872
169.185
147.251
168.774
164.491
176.473
173.39
110.265
172.481
162.072
179.041
172.266
178.928
173.841
168.907
147.91
163.341
175.645
165.987
157.848
143.295
162.47
175.281
135.218
168.869
161.227
162.263
159.497
172.375
177.899
143.049
177.173
178.315
175.79
166.465
172.333
178.554
111.591
164.378
170.578
176.089
137.134
158.467
139.77
118.711
161.892
173.435
138.037
170.632
139.718
154.915
170.459
177.021
113.208
171.411
173.02
164.743
160.824
158.46
165.535
163.164
156.828
159.967
169.804
173.897
116.849
173.683
162.873
165.215
145.594
174.305
156.718
170.476
156.846
166.004
179.549
164.88
161.813
175.637
177.998
151.17
143.176
131.008
166.768
179.014
142.713
175.366
165.074
174.005
170.767
122.661
174.071
160.403
146.844
124.149
172.624
175.002
166.793
172.49
172.302
177.663
166.605
164.715
178.913
159.716
171.181
174.314
174.605
155.872
143.805
138.433
160.526
133.493
178.051
181.569
175.565
0
161.001
174.203
177.45
162.879
161.183
141.767
177.952
168.956
167.412
173.506
169.709
175.204
166.509
165.881
177.049
174.044
147.411
177.199
164.835
117.42
152.131
130.06
168.347
175.922
126.406
146.144
135.85
178.508
125.718
178.519
164.776
108.504
157.491
167.304
180.076
165.019
173.165
166.974
161.738
160.043
178.024
178.3
169.223
140.458
141.932
173.248
179.341
176.021
169.902
171.799
171.994
164.6
131.352
116.564
174.65
156.51
176.138
152.562
170.845
117.946
166.379
171.565
163.191
148.143
168.704
145.666
170.667
173.585
159.361
151.648
138.056
174.282
138.291
139.819
999999
157.159
146.779
172.708
146.224
122.471
172.368
173.346
172.338
103.956
155.72
133.856
155.738
160.559
128.979
149.911
158.489
169.938
164.249
169.56
172.916
154.307
178.929
163.505
152.573
157.849
169.629
176.041
151.037
173.169
113.037
164.856
164.956
144.197
156.572
167.193
167.689
139.833
133.012
137.268
141.612
177.249
164.279
149.673
151.24
165.914
155.831
156.222
177.111
138.115
165.782
177.535
176.544
177.294
143.416
155.394
162.086
176.432
141.625
135.655
152.661
151.933
159.961
175.252
166.885
169.63
157.735
165.138
103.262
172.056
134.453
166.358
174.442
161.711
168.212
138.468
149.333
170.527
178.58
153.138
129.762
149.562
165.949
169.137
151.69
135.491
171.005
174.097
164.726
170.225
137.661
171.965
133.879
174.808
170.188
154.849
175.303
159.784
167.378
148.252
160.3
172.719
169.73
175.42
176.567
146.236
156.668
175.934
170.124
160.016
165.798
171.822
168.762
155.667
173.966
153.653
163.846
152.71
176.206
168.928
160.593
175.65
172.703
176.113
160.534
147.668
158.921
158.62
160.013
141.225
173.24
172.414
155.715
174.452
128.215
167.16
108.747
141.168
163.106
172.301
168.519
167.731
142.178
178.623
159.759
110.806
136.596
167.802
170.301
159.539
159.132
176.115
143.556
170.723
166.062
168.903
129.568
148.339
165.674
171.778
176.745
123.216
164.392
141.476
166.809
174.296
152.325
143.69
130.534
173.177
158.005
165.845
131.804
131.093
178.167
153.59
176.753
172.279
175.211
134.562
178.437
167.276
178.484
151.877
157.018
145.492
172.705
159.244
130.09
162.426
133.13
167.988
135.219
175.249
176.744
122.706
112.139
164.748
131.284
172.347
171.508
177.062
171.452
168.159
172.732
128.84
174.405
109.19
175.271
175.765
176.665
169.975
165.758
174.731
133.472
173.843
167.824
147.998
168.65
160.306
174.917
135.217
148.191
176.5
165.84
138.458
167.866
158.619
149.483
173.047
171.841
177.642
153.059
152.964
158.353
999999
176.849
167.134
164.301
170.378
171.54
176.035
174.427
178.561
158.708
157.559
163.953
158.096
167.804
102.975
121.154
170.461
176.048
157.585
174.765
173.425
162.859
176.08
172.398
168.449
161.486
168.961
175.046
173.904
154.594
171.345
142.208
144.199
154.724
161.665
172.318
146.845
166.638
124.157
166.131
172.218
159.826
165.664
177.714
174.631
171.454
109.96
162.708
154.215
164.544
167.444
185.669
159.775
165.507
171.948
167.376
167.762
179.325
168.98
163.441
140.902
136.277
170.331
140.856
159.327
176.741
164.354
118.745
154.372
162.323
176.28
179.36
178.08
147.36
171.958
140.679
166.315
161.376
173.123
178.755
147.903
169.082
170.361
172.457
166.011
174.329
161.555
153.124
178.008
165.977
173.945
165.664
168.53
157.627
151.013
174.407
170.663
160.131
172.992
172.136
135.391
173.295
176.805
172.934
167.559
174.524
146.665
146.719
151.89
131.499
157.531
172.666
174.902
171
163.338
140.673
176.566
175.765
176.645
171.739
173.687
147.65
169.635
168.134
161.024
159.402
164.115
161.236
172.818
150.782
170.297
999999
125.596
176.865
179.109
170.426
175.824
173.959
167.39
177.221
170.752
174.267
168.236
175.411
172.388
166.238
174.705
169.576
175.237
177.729
136.34
136.424
171.267
167.166
141.882
153.782
168.291
169.403
173.329
178.149
178.99
114.904
151.962
168.971
174.939
166.146
150.727
175.046
176.95
168.274
171.685
167.799
167.804
148.363
157.924
172.323
153.567
162.458
153.525
163.311
168.894
132.645
120.472
175.4
169.992
162.923
154.913
110.348
156.038
130.733
171.485
176.585
149.734
165.713
171.053
178.991
169.927
150.623
168.894
164.82
170.708
169.932
153.547
112.389
162.932
118.369
164.65
162.928
153.358
119.107
173.921
163.425
141.679
174.049
173.629
157.674
145.954
179.341
172.585
136.758
117.669
156.817
130.195
159.621
169.283
173.666
160.277
104.753
159.469
139.054
166.896
175.579
173.563
110.131
170.184
137.605
148.237
174.258
173.345
157.481
125.755
169.521
174.78
167.725
173.253
102.225
148.57
171.508
170.14
168.65
179.267
174.504
164.816
172.794
128.804
142.686
156.905
178.371
151.886
160.986
121.658
168.258
157.763
168.108
175.338
182.098
178.405
169.701
172.352
156.196
154.987
148.873
153.26
142.013
158.963
166.359
177.541
133.422
173.909
178.15
166.836
179.846
134.802
174.067
176.109
171.458
147.208
179.65
158.041
176.42
172.435
175.549
172.372
169.354
166.378
171.509
156.14
174.917
141.818
179.4
177.965
170.592
168.101
176.162
172.835
156.945
170.488
134.115
112.849
170.926
168.595
177.204
157.072
172.953
167.877
174.522
159.9
150.433
173.639
145.535
134.518
175.56
168.692
176.058
161.76
174.847
115.143
129.001
158.932
152.223
160.348
147.912
168.39
151.641
178.89
118.656
144.451
173.058
140.012
106.042
164.719
166.802
148.602
170.676
165.387
168.092
170.289
173.238
91.0151
170.282
172.705
130.598
133.044
173.765
176.195
152.998
172.138
157.036
151.261
109.989
175.141
176.404
164.484
175.577
167.389
136.041
110.251
175.873
157.931
170.704
147.253
143.319
173.014
162.57
104.524
168.49
168.074
172.056
168.541
176.921
132.58
108.482
150.599
168.296
172.367
115.285
149.776
170.834
106.642
164.707
138.935
150.23
175.893
120.587
159.597
147.738
175.241
177.348
173.255
170.037
164.715
176.783
178.46
176.748
177.916
175.706
117.071
159.113
116.347
177.041
168.016
152.809
171.427
177.688
181.731
176.943
171.473
159.057
139.304
174.022
173.895
163.204
173.249
174.541
173.879
173.665
142.831
164.602
154.643
175.479
134.478
157.43
172.61
168.835
158.785
142.715
144.791
166.87
159.943
174.818
152.314
169.522
162.47
172.636
164.203
157.1
166.96
173.636
168.489
138.727
172.06
156.559
163.398
151.458
152.565
150.042
170.099
175.358
146.304
167.114
175.091
176.479
138.861
177.751
162.992
170.273
145.743
175.833
157.458
141.705
156.112
167.015
165
170.461
175.053
132.455
160.598
167.276
172.784
173.131
157.803
175.345
170.747
165.939
172.234
169.427
172.673
162.782
149.635
162.035
178.319
138.521
170.649
178.248
155.269
172.625
