27259.6
34612.2
19914.6
24130
29571.4
34167.2
22420.2
30280.4
22583.1
19203.5
17450.7
32701
18082.1
24213.8
21881.1
32494
17337.6
15011.7
27655.1
17886.9
30160.6
32673.1
24153.4
30444.6
22949.1
19968
33918.5
28896.5
19984.4
34764.4
23783.4
26795.4
21065.5
16853.4
23814.8
29658
20000.8
17331
32257.2
23310.8
28586.5
34731.2
19465.7
30155.5
20441.3
20752.6
22775.2
30824.9
34790.9
32083.4
19019.2
15310
30521
27457.6
23761.9
23532.1
26685.2
19032
18922
24404.8
24841.3
29554.3
30421.6
20179.7
33889.2
20212.2
26887
24602.1
31980
24697.6
33633.7
28650.7
25283.6
30512.5
30722.4
24406.3
19511.5
26364.6
20283.2
17219.8
33980.7
31093.5
20763.7
29583.3
28368.5
24246.1
30784.7
33143
30423.3
20696.4
23089.9
29744
22552
20276.5
18862.5
28414.3
34205.2
15669.8
27650.1
19645.8
24375.2
20591.6
20956.4
22919.1
20822.6
23192.5
30797
31251.3
24820.8
32812.3
22935.5
19324.8
26911.6
28533.7
30411
22814.5
34754.1
26439.5
16420.5
27951.6
28678.5
31793.4
32194.1
19442.4
26942.6
27228.3
22297.6
20711.4
30218.1
19062.9
34258.8
24190
32832.3
26030.4
22008
16336.4
21647.6
21236.2
32066.3
15833.8
26146.9
17258.2
28605.2
29175.7
27412.5
20714.5
28544.7
15779.1
29870.7
16931.7
34110.7
18405.9
33807.7
27022.1
22405.8
24801
29714.7
23976.1
21824.8
29849.5
22780.3
19611.8
18032.6
34138.8
34154.5
30374.8
34325.9
34211.4
26944.6
25956.8
33414.2
27360.8
26479.7
34339.2
18712
18918.2
15246.2
15408.1
33407
28531.8
19784.5
25378.1
15227.6
27141.1
34654.7
26470.2
20605.1
18371.8
30776.6
24392.4
29868.3
32547.3
23071.3
27686.9
32549.1
23474.3
31751.4
19702
22044.3
33451.5
30503
15445
30131.2
21188.9
17981.2
16646.6
23331
26136.7
29665.3
30707.2
25791.4
21921.8
22582.3
25575.7
33691.5
34552.4
28812.9
29638.4
24037.9
31372.1
23117.3
30912.8
25551.9
29595.7
34464.9
32569.1
23817.9
17215.5
26237.7
16725.4
20566.2
27235.9
29524.8
21872.6
20315.3
15123.9
30236.8
17119.5
32614.7
25559.6
24485
34510.1
22890.2
34138.8
23395.8
31390
32363.4
25367
31996
17519.3
23243
21306.7
32752.9
24631.9
22592.2
16301.5
18974.7
31122
20957.8
23268.7
17343.6
34196.1
30470.8
34573.5
30122
28055.8
25450.5
30974.8
26883.4
30584.2
29928.4
34401.9
30604.5
16990
28092
27103.3
32564.2
20569
16227.1
23034.5
33586.3
18436.7
22388.4
31430.6
24117.6
26435
17352.2
26017.8
21337
19032.4
27911.8
24592
28411.4
23953.4
20667
28014.3
29974.7
29786.4
33513.9
16763.5
26777.1
26150.2
25274.8
19974.2
25858.2
27893.8
23915.9
34486.7
17744.4
20753.2
23266.6
22443.8
34950.8
21513.6
17848.5
31875.3
31965.9
15773.4
19792.3
32627.3
16245.2
15327.1
28623.5
34478.2
19394.6
33067
32386.1
31028.2
25659
17943.4
30197.6
24141.3
23700
30896
16505.7
19853.2
32408.5
21845.7
26236.6
18752.9
27586.1
15529.7
30099.7
21911.5
25735.2
20733.9
27374.1
19180.6
27012.3
28609.5
27746
20541
17723.5
33293.2
24830.7
20657.4
25863.3
32994.3
30952.1
19081.6
25933.7
27668.1
28934
24139
16510.7
31014.4
33984.8
20902.8
18665.3
23218.2
22136
16744.5
31617.5
16848
17833.5
21884.9
25116.1
17805.4
22648.5
31701.9
16651.3
18755.9
22093.9
22022
19123.2
31882.8
24775.5
30883.7
25690.3
21621.6
24626.5
34906.2
21717.8
34645.6
18567.2
32580.3
29157.1
30379.5
24188.7
33353
32491.5
26535.4
24172.7
30278.9
26956.8
33532.9
25300.9
21909.6
33587.1
22999.5
30580.4
34361.9
18077.5
25537.7
19184.3
24958.9
22762.8
24292.5
27012.4
20965.3
26902
33951.6
27346
19493.9
21151.6
28241.4
22795.3
27292.4
34586.2
24830
29991.6
27059.3
17533.2
32536.6
26876.7
33105.7
26455.8
17049.4
26222.5
15263.9
34326.1
18612.5
27260.1
34010.8
33220
20883.1
27954.7
15146.6
34769.5
15147.7
34355.8
33710.3
24321.6
29149.1
31305.1
28971.5
29544.6
27565.3
18536.3
33606
23084.4
16474.1
32911.7
32307.1
31440
30873.9
34699.9
26983.4
28544.7
18236.5
17370.4
15503.3
21872.8
31702.6
31720.6
26685.9
34033.7
29255.5
30169.6
18627.6
25067.9
18001.5
20477.1
18852.5
24331.5
21621.9
32354.4
28501.9
16503.2
20535
32935.2
20949.5
24553.7
18100.1
22274
31488.5
31124.2
28420.2
19680.5
28704.8
28847.5
33585.6
25646.3
26058.1
16234.2
21615.1
28203.1
29084
22851.1
22069.9
30731.6
18099.2
15080.1
22758.9
22279.2
24402.3
17140.7
27907
20970.9
23366.5
31787.8
20619.9
26954.1
16069.9
25537.2
30272.5
23911.5
31461
31840.7
24552.7
25851.6
27914.2
32964.6
17168.3
32223
21565.4
33062.1
18634.7
29575.3
29476.3
22465.9
22143.5
21597.3
26885
28025.7
26097.8
26425.9
29793.7
21404.3
18508.5
30852.3
29484.5
32276.8
30271.2
22837.6
34395.9
20899.1
32651.9
29284.4
17743.7
20121.3
23894
33850
32182.2
32459.8
32604.9
27893
21616.8
34022.7
31571.4
18116.1
22697.7
29282.6
21635.3
19132.5
26798.9
30051.6
29691.8
25646.5
21871.8
23705.7
21567.4
25262.4
23032.1
29034.6
30144.1
23582.6
15236.5
28816.7
21139.5
26560.5
16034.2
15396.8
32123.8
34323.2
25302.3
26007.1
29450.1
31351.3
24753.3
26264.3
28873.8
24363.5
34363.5
17430.7
33015.4
17830.3
16274.8
27559.2
27606.6
17642.5
29385.2
25134.1
19044
26233.5
17024.2
19848.6
32890.7
31927.1
27671.8
23740.5
28377.8
29299.3
22165.6
25626.2
29232.5
17956.4
29304.7
16281.1
24844.6
17023.1
15987
26335.6
34687
20074.9
34163.3
22252.4
20236.9
34299.7
28726
28131.3
26182.2
21473.1
27128.4
28850.6
33450.2
19274.8
16811.5
15644.3
16140.3
24230.6
21621.1
15199.8
26452.8
22841.3
22946.6
32523.1
26462.7
31094.8
19359.5
25938.4
34955.5
23872
23228.5
15669.3
25013.7
31947.9
28669.4
25000
23945.9
22512.5
26012.1
26055.7
26121.9
24708.4
20818.8
15461.3
27371.7
16855.5
34382.5
24445
27777.6
33627.6
26101.5
30350.4
16609.5
22377.3
23414.9
29512.5
25622
18743
32190
34311.1
20749.2
15270.4
32640.9
26953.5
27636
27031.5
28094.5
19569.1
33748.3
17021.1
31069.8
22124.3
33111
25204.2
29073.7
17777.2
22893.4
22987.1
28546.3
24927.3
29782.4
23702.7
16904
23008.2
30512.4
18300.1
32593.3
26407.4
27430.9
34626.8
22207.6
34453.8
31897.9
22681
25663.9
22619.8
25543.2
27773.7
18704.4
24158.6
20081.2
33820.7
19782.6
24134.9
31143.3
26090.3
18955.9
22067.1
16264.8
27381.9
26193.4
23092.1
27418.2
33515.7
29200.8
33600
25685.7
27828
27295.2
32334
21947
32710.2
19070.1
25746.6
21699
34257.6
18756.3
21051.7
29017.4
23124.2
32857.7
31784.9
25499.6
26634.5
15030.8
32302.2
31618.8
20447.8
31143.2
29218.1
28278.2
22893.5
33969.4
19591.4
30152.5
34501.6
27415.2
22894.5
31592.4
19303.6
16567.2
31780.6
25870.1
24629
27411.2
27199.6
19137.5
19203.3
26462.1
30412.8
22176.4
26392.5
31237.1
31317.4
17539.3
25414
26727.9
19489.2
26820.5
22416.3
30998.4
28600.4
26535
18285.7
29431.5
27979.2
28612.6
32337.8
27123.8
29831.8
30898.8
21457.4
24733.9
23100.4
28359.1
19262.6
27709.4
30845.3
22565.5
33322
26178.4
28144.5
34165
24229.4
17251.3
15680.6
31907.9
17124.9
20033.7
21349.9
24239.6
20367.4
15326.5
33753.5
33292.1
31930.7
31236.9
32470.8
33690.1
30689.7
26279.1
18172.7
34720.4
30612.4
34118.7
25948.6
29528.1
23408.9
17135.8
34398.7
27583.1
18807.6
27284
20779.8
16603.4
18056.5
32944.9
33137.3
24168.6
29565.8
30267.3
32742.5
28021
15194.6
24262
17126.2
22695
31156.1
29282.1
28517.8
30064.3
17729.3
30830.1
29746.5
21996.5
30937.7
32180.7
20633
19952.6
24861
30264.7
30645.8
23849.7
31198.2
23342.1
20906.6
25173.9
30164
15400.2
28033.8
21695.3
16461.7
25619
16807.7
30937.6
16591.9
32909.6
34790.7
33249.6
20550
32346.7
31516.5
23789.6
32462.5
21685.1
23727.9
32508.4
16609.2
19137.8
19668
24644.8
18502.4
18535.9
31521.6
16944.5
31439.2
22375.6
32621.8
20624.2
21337.7
19118.1
33022.8
19806.6
30551.8
25971.2
23067.8
23903.2
33704.5
31916
28766.7
17802.5
15797.6
32533.1
33371
24219.2
31634.1
31162.4
18493.8
17722.5
31167.2
31308.8
22848.1
20584.8
27553.3
29381.7
30581.6
33161.9
24518.7
33990.1
31159.2
18576.7
30572.3
34736
23211.9
20193.5
20734.5
22858.1
33152.2
29579.5
21776.3
30406.4
30206.4
28468
30821.1
34807
33039.6
30193.6
31283.2
29383.2
33488.6
25969.5
32348.2
23304.6
20835.5
33331.1
19638.6
19358.5
27387.2
23291.8
34387.7
17653.6
21962.7
34201.2
26624.4
34181.3
33550.9
32318.3
31907.5
23480.9
18175.2
27873.2
29935.2
20105.6
19220.8
25782.8
33611.1
17871.8
24797.4
25019
16608.9
29483.6
32374.3
22478
27445.8
18913.9
30288.6
16511.8
24732.6
18718
24178.5
18477.9
25886.9
30748.2
19804.6
26717.4
27498.8
18227.1
20556.2
22385.3
33651.8
29130.9
34684.4
34535.5
33895.6
28868.2
25342.5
32278.1
31197.5
31783.7
28678.8
18553.4
19919.8
31266.6
30648.2
19129.2
25214.9
21825.6
27949.9
18494.9
26426.5
32488.8
24332.2
24797.3
23579.5
23261.1
21917.1
28413.4
15991.1
24861
33526.6
17557.7
32539.9
29052.5
16017
26652
30171.4
22296
16313.6
23304.2
31131.3
24013.8
27009.2
23818.5
25846.6
19305.2
21167.2
21270.5
25539.7
27628.4
20223.3
19838.1
28523.7
34418
21790.1
22337.5
27691.2
29689.8
26109
28528.7
23891.8
20233.6
16139.6
22035.2
18154.5
25801.9
18470.4
19952
27084.8
18455.7
27942.1
26330.5
24353.9
28650.5
33042.6
31431.8
34206.5
26539
28356.8
33817.7
16899.4
18091.1
15542
26931.8
15865.8
33446
33149.8
34089
32269.5
30590.8
26083.8
32136.9
28512.8
20677.2
21012.9
20643.1
33089.8
32603.9
19521
32965.6
32580.9
29475.7
30976.8
19094.9
27855.6
31793.4
26321.7
25059.6
19562.5
21258.4
19225.4
25054.8
26243.8
32293.6
32585.5
23688.5
16520.3
17557.5
30010.6
25008.8
19997.5
33776.3
17398
18209
31916.7
33594.3
25796.1
21459.7
20210.8
17778.2
34474.1
31165.5
27475.5
26150.2
19339.4
33574.6
23639.7
24042
32789.9
21447.5
32783.1
30634.9
32506.9
17289.9
22106.1
25877.5
18044.8
26974.3
29547.9
18033.2
24122.5
34332.9
25584.3
30890.1
31723.8
17907.8
30243.3
18007.3
18813.2
31449.3
30172.8
29094.1
25018.2
23673
24388.2
18484.6
34534.3
18458.6
33483.3
34543.7
17025.3
23427.3
28665.5
26264.4
29352
29580.2
28300.5
27122.5
17255.9
22482.6
24845.4
30818.4
21417.7
27203.1
17989
30358.5
25282.8
22552.5
30160.9
23434
27941.8
25878.7
17893.1
23808.2
18552.7
22343.6
18726.5
15584.1
34526.8
32830.9
18628.3
15796.3
32125.5
23996.8
18078
22822.9
21063.6
15687.4
26882.8
17016.3
16927
19495.9
33380.9
16741.4
20654.4
19712.8
24528.8
32362.8
27741.6
33533.6
17396.6
17050.3
31880.9
31927.4
28035.4
27119.1
22440.7
34515.9
27191.3
27384.6
20503.9
31515.6
28326.8
31260.6
24314.9
34700.1
21656.6
32042.8
24394.2
20505.8
24796
23882.4
25349.4
18339.5
25479.8
31773.2
20194.6
22103.8
24646.2
20257.1
15796.3
22591.5
15042.5
31715
25889
30254.9
17370.4
22464.4
26201.4
21926.2
33435.6
22389.7
24915.9
21456.9
28956.5
31026.3
21455.1
32793.5
17264.3
28449.6
21338.5
29069.8
30117.1
32741.7
33896
20287.7
28057.7
23910.3
24845.5
20514.3
26746.5
32002.9
23712.8
31841.3
21965
23091.2
25588.5
29600.2
15544.8
18626.1
20476.4
18247.3
22287.4
34984.9
19357
26575
15940.3
29099.9
31436.1
29348.4
24047
18385.4
31713.7
16663.9
22554.8
30688.2
23821.7
31882.2
29746.8
18801
17568.7
34543.4
30768.7
30553.7
25775.5
28469.8
22297
32923.9
18756.5
27065.5
15834.4
16708.6
27898.3
31710.8
32572.8
26306.4
34669.8
29159.6
29613.8
25974.7
31180.8
34826.9
28349.8
27339.2
34242
24850
21398.1
26849.2
25458.1
24624
29264.5
34784.5
17987.6
30336.6
33667.7
17292.7
25395.3
30256
15435.9
23185.8
34459.4
29575.8
22487.3
27153.7
27699.1
25499.4
25318.3
27109.6
17734.4
26171.9
17681.5
22827.5
20325.9
19453.6
19290
25963.1
31036.1
27622.9
22522.2
16193.9
24498.6
34331.5
32286.9
22993.1
28713.7
26452.5
31288.3
30675.9
23748.4
33963.3
21498.3
21721
16362.8
15158.6
33038.7
16304.4
27605.7
23208.1
25975.6
24710.6
31342.4
19653
27235.3
16088.2
29248.3
20695.8
22062.2
31614.7
15792
17744.7
28784.6
26913
33891.2
24672.8
22151.7
22401.9
25079.1
26709.8
21489.2
32392
28740.9
28318.9
29751.3
26993.3
32618.2
30871.4
24457.5
29502.6
22312
17373.6
31081.8
15474.9
33624.2
33057.5
17206.8
32938.9
24111
32658.5
24539.3
29940.8
21654.4
21839.3
19161.7
18569
23889.7
24975.8
19522.1
18111.6
30864.5
30940.9
17603.9
26271.4
30652.4
30582.6
29761.7
21905.3
30720
33285.8
30090.2
24484.2
23699
32549.6
25755.8
24255.7
18615
20324.7
26725.3
21514.8
29850.9
26234.2
32466.7
24020.2
20261.3
27095.2
30696.9
20511.7
16214.1
20553.9
24219.1
17588.5
23918
29351.8
27539.4
30920.5
21182.9
27180.4
29224
30443.8
23556.8
26577.2
15160.7
30558.3
18049.4
29692.5
33570.4
28170.8
23852.7
22733.1
27870
18814.1
19571.5
31451.7
28543.1
24738.1
34448.2
29651.8
28600.2
28712.4
30432.8
15494.2
16546.1
20766.8
21761.3
17423.3
21278.7
21212
31313
27182.4
27419.8
24536
21405.3
16576.8
25699.4
21247.3
26762.9
32497.6
31552.1
25665.3
26126.2
19649.7
16816.7
30740.8
15747.7
34762.2
15387.6
28857.5
19914.5
18400.8
18783
19252
28565
19851
19509.6
26084.3
32630.6
22040.6
34949
26769.9
15350.8
17633
19602.3
32990.5
22242.4
33778.2
24133.5
29245.7
22674.2
19800.8
29603.3
22632.1
18377.5
19876.5
33702.4
21536.3
27505.9
17620.4
28530.4
26835.3
28604.8
17351.1
33965
21858.7
29464.1
27689.8
27515.8
24303.2
33085.7
23174.5
19678.9
21320.8
31517.9
26773.1
18808.5
25459.1
27848.6
20047.1
19634.1
20277
34352.8
30769.5
20071.7
19865.5
29080.9
17674.4
34549.7
32977.2
33798.9
28430.5
33422.4
26544.8
25507.2
20302.8
31794.6
26025.1
34890.9
15149.5
20948.6
27376
29978.8
25298
21342.7
23103
31070.7
26465.4
15935.1
28639.5
26493.1
21615.3
32330.2
19763.2
30534.6
34876.1
21935
20975.2
22309.6
30920.9
22883.3
22892.6
20648.4
17929.7
27972.9
20031.8
24767
27202.7
25043.5
20445.4
18648.1
21880.1
27027.1
21904.9
23635.1
32780.7
30666.3
17303.9
29886
24901.3
22243
17139.6
34652.6
26132
31738.4
30319.8
24613.9
16659.6
32527.9
18250.7
31128.1
32458.4
24765.4
19977.7
27117.1
31673.3
16108.3
21220.6
30918.8
20435.2
27464.7
26049.5
33373.3
34079.6
34330.5
18892.7
21338.2
16327
34736.8
22652.9
23908
27549.5
24148.6
32927.6
24200.1
27005
21198.2
16643.1
26746.9
16414.2
25647.6
15644.9
28353.4
18957.1
19206.9
32654.2
32101.3
30422
23114.1
32662.8
33601.7
17995.5
24013.9
19525.9
15001.8
17965.6
28081.7
20248.7
28584.3
29829.8
33932.5
26955.5
33057.2
26234.9
26769.9
21710.9
20796
31539.6
29601.3
26642.2
20730.1
26483.8
22446.5
32100.8
25631.3
30757.6
15932.3
29195.9
33950.7
15782
19254.2
34729.5
15550
24102.4
15474.5
30026
17801.2
25525.7
31344.8
30767.2
17088.9
28668.5
29475.1
28901.4
27833.5
20061.2
28005.1
31644
28508.2
20710
24704.6
21174.2
15418.5
16027.3
18897
28799.6
25537.3
25376.8
29758.5
25604.3
22639.1
28942.4
17295.9
34723.4
27645.7
28688.1
26143
23414.7
29526.6
18257
32927.5
34323.1
32308.7
19616.1
23477.6
21811.8
18509.9
33068.8
20879.2
24636
34538.2
32212.7
34890.7
20515.3
33307.4
26247.6
21124.3
24737.5
25359.9
15745.4
24480.5
28250.9
27781.7
33651.1
19369.1
26701.1
33955.6
15263.3
24606.4
19395
17640.2
34757.3
24415.5
30851.7
28677.3
31094.6
19277.4
30140.3
17727.2
29794.8
30160.1
30023.2
19720.9
21537.9
21534.2
28766.8
26769.7
28760.1
18339.5
25366.7
29754.5
19084.2
33492.9
22761.4
16457
24289.8
32535.3
26240.6
26341.3
30690.2
34861.7
23527.1
27699.3
20284
26209.1
17854.2
22904.3
34256.9
30019.2
23001.2
29537
23359.2
17849.2
23805.3
23299.2
26314.1
32983.3
32575.5
21403.2
18538.4
34435.6
28067.4
27979
33506.3
34180.7
26220.1
15279.1
28144.6
18446.4
29522.7
33313.6
30881.5
18999.5
15586.1
28577.9
26118.2
22495.3
27886.2
22666.9
24618
33742.6
21506
25502
16278.5
18063.5
34544.1
18135
16173.7
23460.1
25797.3
27177.8
25135.7
17687.9
27933.3
26470.2
27747.1
17954.2
26745.8
19100
23708
21818.8
32653.4
23004.8
22188.4
29151.4
20366.7
25213.4
31897.6
28286.4
23642.1
34130.8
20150.3
19712
18954.4
17354
25535.7
33135.2
34870.6
23961.9
22715.6
23152.7
22749.8
21531.1
31784.7
19269.3
34806.2
19572.8
19794.7
19745.6
32781.4
34731.6
24880.2
24564.3
30797.7
27544.9
33174.2
30810.6
28674.7
17181
31961.5
21308.3
15351.3
33934
31738.4
27651.3
31198.6
29194.5
26279.7
20628
17986
26410.3
23587.8
19992.7
24139.1
28263.5
32464.2
20203.6
33619.7
30321.1
21097.5
32271
23975.1
31164.1
27423.6
27409.8
30135.4
19745
26999.2
30843.6
17776.2
30074.9
29210.8
18565.2
33774.8
20768.9
33610.4
34529.2
29741.4
34490.1
32704.2
30000.5
28801.1
22094.3
33345.5
22549
30808.3
18797.5
30274
24435.5
18655.2
27280.2
32972.4
23003.8
29564.5
26805.4
19678.7
17948.8
21329.7
15976
33554.3
20284.4
31862.8
30119.5
21776.7
34426.8
28361.5
20177
32577.8
26925
27649.7
15906.6
21365
23747.9
32808
23095.6
18559.3
32760.2
33236.6
27220.1
31501.3
17872.3
20477.9
27395.6
33333.2
29845.5
16024.2
30579.8
20377.7
29919.4
32379.3
28729.7
29762.2
15923.1
32678
28583.4
31265.7
20473.2
22837.5
19570.3
25755.4
27294.4
27697.3
34687
32189
18801.1
32568.4
17961
34881.4
33105.2
26703
16092.6
15181.9
19121.5
31914.9
33810.5
31531
21479.7
23808.7
19056.7
27748.6
28720.2
31909.6
22195
26057.3
33905
30368.9
25746.9
19853.6
21527.2
23882.3
18706.5
23031.3
20710.2
23079.6
27320.3
25034.1
15063
27981.8
16238.3
26096.9
29704.7
30540.5
17150.4
19907.6
26715.7
34166.4
24210.8
33315.6
24059.7
25965.5
16495.4
32951.8
17150
34482.3
32024.4
16859.7
30704.5
30016
15279.1
24765.2
31566.5
30016.2
24269.4
30453.6
15038.2
28850.6
17399.9
24143.4
23213.5
23237.3
31304.6
22058
34620.4
24610.7
22515.1
31899.6
31503.6
26835.9
33605.6
21448
28002.1
32164.5
19573.6
33529.7
27493.8
19246.5
23932.1
15336.5
22540.2
32174.7
23264.4
22989.1
30460.1
32098.1
18776.5
32827.3
21589.1
25956.7
33837.6
25581.3
18506.1
20353.1
20048.1
30323.1
31756.6
18881.3
26891.7
31926.4
26371
21144.6
15744
22057.7
30267.7
24774.2
30589
22414.2
32804.8
15594.7
15696.4
16006.7
19317.7
26840.9
32444.9
26536.5
16603.9
26052.1
33908.2
27496.9
16111.5
29807.9
34297.4
30725
17504.8
27504.3
17066.6
21074.1
30750.4
23382.3
32726.2
32795.8
19745.6
30087.7
16015.2
15627.6
19740.1
19283
29633.9
26628
16458.1
22278.2
31131.8
30540.1
27371.1
20705.8
33804.2
19528.4
28571.6
32883.2
20215.5
22556.7
29338.3
22582.9
30603.3
25353.5
15263.8
17032.6
34588.1
22756.5
16356.9
20717.5
27364.2
23562.6
17020.7
30680
33370.4
16825.8
34753.9
18898.5
27105.7
20689.7
15148.2
23684.7
16669.6
24358.7
33852.3
32548.6
31699.2
29145.5
19410.9
23220.1
24671.2
24074.2
23837.1
26083.9
25125.4
32941.7
24489.5
28543.3
21194.4
21927.9
28752.4
19719.7
22194.1
32293.9
25353.6
31110.8
22316.4
31681.6
21376.8
19582.7
15852.9
32580.8
28064
31522.6
26029.5
18554.7
30919
17441.5
33844.4
26028.3
32460.5
17861.1
32148.8
20363.9
19094.5
32037.5
20330.5
32954.3
23497.7
32157.3
30909.2
27987.6
32025.5
19308.3
30571.3
24742.3
31424.9
34391.5
18801.7
22970.6
23275.9
32224.7
23825.6
16824.5
24646.6
15541.4
25304.4
33769.7
29845.5
30744.5
27817.6
21554.5
26009.2
23114
22650.5
27312.5
21507.3
31033.8
19372.6
27010.8
20710.8
31507.4
28365.6
25170.9
32319.6
34315
23070.8
28518.4
25891.2
23157.8
16033.8
28050.9
25659.3
31895.3
30472.9
20691.6
24805.9
23709.7
17735.8
24562.5
28940.1
29338.8
31713.2
19058.9
26119.2
17915.3
29780.9
22813
22044.7
20180.5
32988.3
27323.4
15229.1
17171
23418.3
25925.3
32152.4
19744.1
23734.1
33052.9
27988.3
15313.8
21176.7
19437.2
32763.2
32045.4
27348.5
33546.9
29826.5
32793.1
24545.3
27942.5
16542.8
32127.6
22734.2
20973.5
30489.7
31847.4
20324.8
18331.4
33290
24353.8
22261.1
22977.3
29125.7
17413.7
28945.3
21768.7
23292.5
20672.1
22678.1
32448.3
25713.1
18434.8
34527.2
34429.5
32729.5
22300
20998.5
17526.3
28568.8
29940.5
32786
24230.1
24259.7
34002
16172.7
26980.8
33181.9
34887.6
24721.4
27554.7
25986.3
16538.6
26587.2
24248.9
25130.4
20637.5
20515.7
20106.2
22391.6
31923.2
25552.9
32028.6
25938.7
29657.7
15286.3
16676.5
31304.4
22734.4
25534.5
21408.8
17842
33095
20742.1
33055.6
30372.3
22124.5
34700.3
25384.3
31831.5
20475.9
18437
31230.2
31808.7
23751.1
15935
25381.6
29090.4
31279
22196.5
27410.2
16275.7
21899.2
24444.9
26537.3
25393.7
29848.5
30019.4
24457.2
17061.6
25414.6
22828.9
28379
32127
16492.8
28201.9
22596.5
32164.8
17981.2
23218.4
24290
30908.8
26786.9
23459
19839.1
28775.6
31768.3
15805.7
18123.1
15195.8
31276.4
16526.5
26454
26680.9
22490.1
34410.8
18743.2
17381.4
19324.4
27510.7
31224.4
25590.6
26797.6
22250.6
17442.9
24035.8
27496.3
16666.4
25156
32638.6
23655.2
24980.3
15754.6
17254.8
29811.5
22087.1
20254.1
24444.9
21850.5
15129.1
19589.7
27636.9
25980.5
24461.7
22593.3
28167.4
17511.5
33243.5
30106.9
22619.8
32376.9
17934.8
22025.1
20358.8
25705.9
34076.6
29068.4
15772.4
27483.4
32888.9
29564.8
30697
28068.4
17071.4
26260.4
24588.3
32885.1
16740.1
30132.2
17231
26547.6
26173.2
17295.6
19750.6
22583.1
31481.5
30915
23037.9
19593.8
20214.9
23660
33774.6
27103.1
26854.2
24419.2
31009.6
30969
29881.7
21300.4
30558.6
19430.3
22958
26581.7
25220.2
23541.6
27827.8
26214.9
17448.5
28425.2
15937.6
22190.2
29809.7
27255.1
28033.7
30763.3
31263.4
17799.3
31942.2
24829.8
27543
29744
24502.8
25842.4
22632.8
29035.1
31624.5
28526.8
22315.6
26929.4
21285.3
16437.3
30519.3
18785.4
30896.1
28860.2
29116
30127
16641.3
28521.5
22380.5
15091.4
17574
23459.6
29345.1
18857.8
19671.5
25344.4
27883.2
19369.8
31331.3
15865.6
20709.6
16783.7
21820.9
33566.9
33126
16145.7
21270
30716
26193.2
33806.7
16561.7
22579.2
27144
23188.3
19150.1
23152.2
28699.4
33729
31057.3
31762.7
32909
27147.6
20191.5
23769.8
19457.6
32302.7
22423.3
32584.5
31139.7
32084.2
33477.4
17813.5
18563.4
20245.7
26483
18828.2
33042.8
19484
34310.6
22924.2
23960.5
20257.3
20031.8
34792.3
23061.1
21103.7
30569.2
23189.2
20253.4
17387.3
29620.6
25895.4
25578.7
25821.8
34047.6
22739
15495.1
33197.4
34023.9
17881.5
16870.5
32692.8
32490.7
24494.5
25634.8
32483.2
17466
26945.5
15685.4
22387.7
27917.2
32772
30222.9
27545.6
15269.2
31189.3
34659.6
16653.9
29700
31486.7
21245
21749.1
30410.2
24161.5
15483.9
20240.4
20815.6
21029.8
21065.4
32157
26815.5
25803.2
22819.9
31911.3
25738.9
23176
15062.1
18859.7
22716.4
27769.2
20248.2
17026.4
24478.3
29407.4
31846
34504.9
15313.4
34549.4
32603.6
22346.2
32192.9
30135.8
21870.1
22822.4
30675.2
30487.4
34719
28210.6
19807.1
24066
29360.2
29182.7
31299
28986.3
30000.7
18353.2
33548.6
25274.8
29809.3
28640.8
21728.6
32729.8
28416.3
31213.8
29252.9
30565.1
32635
16803.5
16695.3
34056.3
32504.1
29046.8
24757.1
31930.2
28590.3
20533.2
30053.6
34455.5
18352.5
19717.1
30615.6
27585.7
31585
34211.4
21892.3
30374.7
27999.4
22663.3
21106.7
16525.1
23361.2
32994.7
30119
25317.5
15549.2
31845.8
17142.7
28829.8
24156.3
20838.4
26580.1
33264.4
23707.6
26030
31920
18879.4
30442.4
18858.7
26820.8
28839.4
31321
28283.1
31071.6
24802.3
23520.4
17372.2
33599.5
22133.7
24784.1
20163.4
27488.4
19956
21947.6
29348.2
34068.6
29988.6
29325.8
21749.7
33360.8
26616.6
24193
23162.1
34559.5
32685
26369.1
32612.2
26555.3
31471.6
21333.8
29421.5
24479.7
25499.5
30624.3
28351.9
33384.6
23211.5
32104.3
15177.2
32038.3
22641.4
27417.2
32276.8
15780.5
29926.6
18279.3
33855.3
27742.2
33541.4
27491.9
20186.1
24272.1
23798.3
30776.6
24788.3
20626.4
25863.3
25024.7
32015.6
24998.8
15395.3
18044.8
18442
31632.4
27566.3
15613
32073.2
24545.8
27653.8
34548.1
16238.2
15919.5
32311.1
19927.2
32324.3
17748.6
21444.3
26595.6
34874.3
33643.6
19694.5
24779.3
15237.5
21697.7
16859.5
26678.7
28125.1
21827.8
29364
21444.4
32963
32263.2
21630.9
25145.8
19568.1
19178.4
29471.5
26682.6
24909.8
27914.8
28482.4
23976.1
24786.9
20655.4
25633.8
30555.5
26113.8
19193.9
23804.9
19657.4
28398.6
23126.3
32545.8
26367.3
31810.6
21831.4
27749.6
19699.2
32187.4
20129.2
21252.3
23841.7
22259.5
26131.3
19064
21690.9
32879.9
22411.9
22072.5
32187.6
33705.5
27251.6
21031.9
32804.6
33877.2
28399.5
33080
24580.9
31664.3
27725.7
21374.2
17070.6
24366.4
20312.8
28929.7
22824.7
19971.3
33157.4
28420
24522.1
19714.5
20067
25464.7
22145.3
24762.5
21819.5
30095.9
22712.5
18265.5
17741.8
22339.4
22364.9
25162.6
23513
34100.1
27698.5
24117.2
16830.8
25214.7
33493.6
26608.7
21015.4
34420.3
33166.8
24166.5
27270.2
31839
22561.9
34329.5
29792.1
32904.7
33708.1
33734.7
31092.9
22493.8
23035.9
32674.4
27212.3
16446.1
24078.2
34192.7
28510.5
24065.9
20952.5
24895.6
25001
26640.6
33456.8
25051.7
15399.4
33036.7
24020
20517.1
27899.1
27018.2
34192
29928.7
31638.3
22548.5
18094.5
34622.3
33672.8
32758.4
34485
30598.7
25880.7
28104.6
30297.1
29599.8
21882.3
30125.6
26513.1
34824.5
25067.3
33460.8
29759.2
33801.5
23177
22793.5
22769.1
30707
28776.9
22189.8
33875
23473.9
22675.2
20038.6
34863.3
31768.9
22189.3
24094.5
30668.7
25051
33772.2
24327.7
15642.6
23935.6
30252.9
29296.2
30537
19123.3
19574.5
17083.4
22226.1
18507.6
21348.4
25258.9
20346.4
33198.8
30801.8
25886.5
19080
32774.9
21613.1
33285.5
15255.8
18658.5
34060.4
29836
34686.5
17442.1
24468.9
16913.2
22239.1
19186.7
18436.7
32567.4
18508.9
34336.3
33913.1
33830.8
18801.1
31788
33023.1
23208.7
18900.5
20048.6
24632.5
18944
21635.3
25216.7
20077.4
27660.2
31922.4
31584.7
23451.6
31983.4
20269.7
25733.7
22929.9
32076.5
23195.7
27307.7
17077.7
32865
31324.4
16764.5
24541.1
17060.7
16075.3
34855.3
34333.4
29757.7
20131.8
30129.1
20614
21168.8
28377.8
24263.6
18793.7
23871.3
19542.6
24735.6
30275.6
21269.5
19660.5
33683.2
26922.9
29962.5
30927.3
22423.3
33813.8
27560.1
16125.9
28853.9
29143.6
26024.6
27727.4
32853.3
29037.5
21020.3
31620.7
22349.5
26618.7
21815.3
27657.6
18050.5
22897
32432
20275.7
19660.2
18844.1
22579
24712.9
31946.4
17160.7
33047
34672.5
26931.3
26680.2
24145.9
33708.2
22748.2
26281.1
26748.4
17332
21576
20838.2
26925.2
33698.7
20859.6
27555.5
30126.2
29163.3
28206
19564.7
29734.5
26089.4
24755.5
23948.7
19166.7
29722.3
29411.5
30734.3
28304.3
25904.9
26499.7
27818
21872.9
30252
20076.9
22863.3
32900.7
29100.6
24832.4
17363.4
24364.4
17452.9
15576.1
27965.9
29078.6
32200.5
34371.9
20984.6
23915.5
29279.5
18684.5
27899
30822.6
15800.3
15027.4
15177.9
18177.3
31125.3
18017.7
18728.6
15583.2
19695.1
31877.1
32376
30485.1
28681.4
24661.7
25676.1
21418.3
20607.7
17937.3
30897.3
19017.8
25607.3
15926.6
17360.8
18759
29551.9
33955.9
28588.5
16524.7
18007.6
19749.4
27243.1
24695.6
32045.1
27936.5
16375.8
16883
21825.3
27908.5
32795
28869.7
15681.8
34973.1
34981.3
16923.1
18542.2
31851.7
30464.9
33414.8
18536
19621.4
27671.5
30530.4
29542.9
28786.2
24791.9
16892.5
30417.7
17550.9
33794.9
22918.3
22672.1
23759.2
25444.2
23576.4
25358.4
22855
32219.4
21466.2
26979.8
30320.9
30753.6
27061.7
19019.9
22437.8
17409.4
29372.6
29823.6
22201.9
26527.7
15397.1
17563
27136.4
34132.2
29588.7
17733.8
34364.2
17619.9
30796.4
23383.8
16844.5
24079.2
24268
24148.1
23815.2
18353.3
21633.4
17429.2
24493.1
30655.3
15988.6
30867.7
30642.1
32452.1
25731.9
19673.2
26373.4
17792.5
25996.1
32450.3
27299.4
34114.7
19730
18735.2
25110.7
29438.2
16826.8
22370.2
31846
18041.3
24224.3
19525.6
19109.3
23337
19946.3
26352.8
32260
18014
18183.7
24803.3
27024.9
21196
15019.4
20634.8
23501.3
24177.6
21041.2
25737.7
33952.4
15408.1
15554.6
29736.2
19731.5
34575.3
29307.2
18309.4
18272.3
20430.2
20892.7
17134.9
21462.6
26482.5
20522.6
28368.8
20958.9
18660.5
22111.2
25960.5
31951.9
15987.8
24670.5
20294.3
23849.4
19541.8
28441.3
27437.1
20307.5
30803.6
19216.1
27371.5
33527.2
20350.4
29319.9
30411.7
32768
22040.2
21040.1
27408.8
28624.9
34819.8
19398
25375.1
33450.7
23021.7
21021.2
29744
26412.4
21632.4
15345.4
29314
24413.7
32802.1
31019.2
22439.5
17313.5
31558.4
30298.8
18100.4
33206.3
25769.8
19549.3
26916.3
24653.1
31938
23868.5
32053.3
29039.5
33857
34225.4
20468.2
16021.8
26916.8
16654.8
30316.2
19628.7
23208.8
28913.8
21852.7
17061.8
26793.3
25601.4
25477.8
17697.2
17178.2
27045.8
20385.7
26983.4
15217.3
22748.4
16915.8
28892.6
18064
26860
32341.7
18998.3
18982.9
27148.8
25998.4
31978.5
27836.5
17385.1
24206
33287.4
32287.3
17171
30045.1
33507.4
28097.1
23865.7
19555.3
16444.1
33831.9
25702.6
31496.6
20129
33948.6
23888
17293.3
29671.3
29092.5
28051.6
27112.8
34727.1
31284.2
33785.4
25869.8
27893.2
25041.1
30456
32286.7
28077.9
26632.9
26691.9
32762.8
15443.9
23828.9
28514.1
28828.5
27826.6
26191.3
21157.8
19052.4
17049.9
32489.1
15924.1
24664.9
27756.2
26279.4
19449.3
28709.7
30094.5
21244.3
33651.8
28627.6
31806.4
24080
20302
19905.1
31230
15677.4
22697.9
34945.3
24552.5
17273.4
15498.6
29225.3
19094
15225.8
31290.9
32203.8
32615
20879.8
28658.9
32215.7
19013.5
22907.2
24257.1
31617.2
34467.8
18833.8
33985.4
31671.1
16076.2
20557.9
15074.1
29704
34968.9
29537.2
30750.5
20736.2
21436
30932.4
18128.1
20871.9
24457.4
22489.8
25501.9
16019.6
20287.6
15239.5
28340.9
23433.9
28473.9
25970.7
23176.9
15403.1
27048.6
28161.1
29544.2
33057.8
26751.9
21532.3
30981
18021.5
32515.9
28016
22251.4
17370.8
25149
34874.7
21884.1
30671.3
25428.3
18178.7
28632.3
22199.7
23659.2
29015.9
29325.4
16026.4
19996.2
32932.9
16722.4
28620.9
31112.8
31117.8
15350.3
31398.7
28797.9
27356.9
29998.8
28099.1
24927.4
20438.7
18853.1
20358.9
25502.1
23485.9
15107.8
15626.5
20488.4
27144.8
31241.3
21900
33038.2
17612.9
17901.2
28047.1
28228.6
28117
33707.5
23941.7
29539.9
16194.7
20264
16054
30085.5
30453.8
23659.5
29778.8
34693.6
31664.9
28218.2
29451.9
27516.5
28193.6
25600.5
26699.4
18491.2
15266.3
28200.6
21110.2
23154.1
31529.3
33412.8
33993
26746.8
26058.2
19193.8
34407.6
21051.1
28090.6
28076.6
29110.3
34649
15983.8
17388.9
33005.8
24653.1
34990.3
25113.1
26355.7
18486.9
16564.3
17710.9
28080.2
17465.8
26987.4
20229.1
27345.6
33782.1
18365.9
32285.7
16863.5
26425
19473.5
15132
32077.7
21688.9
23846.2
29234.3
27213
33561.3
25871.2
33622.7
21340.5
31840.6
30967.7
24856.8
31116.7
30197.3
27195.9
32592.2
29196.7
33062.9
21931.7
17193.2
17521.4
18619.1
26011.9
31183.1
23803
20888.5
26289.4
23735.7
22067.9
23652.5
22938.3
18997.6
22578.7
16002.2
26061.7
16030.1
23618
18588.4
26819.9
26812
26781
29727.2
23490.1
18051.3
32552.4
31307
20316.2
34245.1
17705.6
28717.3
33291.3
17653.8
19071.6
34424
22761.8
17456.4
31436.4
22877.7
23747.4
19812.2
21561.9
20169.4
25329.2
32119.6
21272.4
15761.8
30984.5
22685.3
22481.6
25975.2
26553.3
34701.3
28455.1
17112.6
21263.2
22766.5
23362.6
21382.9
24075.5
20642.5
24503.3
26356.8
25029.3
17149.9
25077.4
20099.6
27351.1
22679.5
19677.7
25950.9
33781.4
32920.1
19523.4
23580.8
19629.3
28002.3
30699.9
31035.2
21482
28447.8
33768.7
25760.7
29797.9
23914.9
29096
20208.4
26804
22814.3
33630.1
18585.8
30253.7
18714.5
18996.4
16241.2
16830.9
31710.1
26121.6
34175.3
22916.4
24825.9
25658.2
28755.8
32887.9
23652.7
28537.4
23458
29941.2
27749
20908.9
20868.9
31608.6
19108.6
28028.4
21749
30979.7
18660.7
31438.6
23322
17549.9
18204.2
32452.6
34677.5
18255.2
15840.4
23584.4
23222.1
28089.7
27770.9
24350.3
16535.2
21408.5
34048.9
25288.9
29083.5
24326.9
29095.6
23971.8
23024.9
20404.6
23374.7
25697.1
32198.8
20096.6
18897.1
25539.1
32010.2
22797.6
27055.7
19654.3
15518.1
23135.7
28963
20562
33473
15095.5
26405
34470.6
23291.7
27516.4
31254.2
30680
16392.2
19249.5
32801.7
15609.1
29490.3
23607.3
26540.9
23471.4
31014.9
24026.8
30930.1
21855.4
16394.3
34341.5
32384.9
20869
25725
21594.6
25853.8
18901.7
20982.7
31846.6
33795.1
25481.3
31059.2
17768.4
30051.4
34616.4
24989
32090.2
20313.9
21200
23151.7
23470.5
34990
33050.5
24592.9
29794.7
27631.5
15377.8
27537
22592.4
26148.5
18007.9
28333.4
23597.6
24027.6
29010.1
21511.1
23039.7
25707.7
33530.2
23344.6
16124.1
28253.8
25223.8
21585
22515.4
17967.1
25590.8
21614.7
22817.6
19607.1
24378.9
27757.9
24376
28931.3
21639.8
21419.7
30806
29160.5
28546.1
32535.3
17214.4
30984.6
28380.2
16445.3
26237.5
26621.4
23175.7
19363.9
28082.7
30458
34205.5
16323.9
22840.4
31647.7
17237.5
22997
15300.2
31942.1
21782.5
26528
22649.7
31300
24280.4
25384.3
25562.5
30249.7
29534.6
34930.4
21189.6
25568.7
28510
18813.7
23068.8
34773.5
28499.4
18809.9
25616
29527.1
28009.6
34465.8
25686.2
26878.1
21190.6
22459.2
24959.3
15944.7
22121.5
28745.8
19331.8
25934.7
18291.4
20350.6
20605
29694
27420
21108.8
25772.2
33147.5
18006.2
28303.2
20600.2
25605.5
16397.2
18335.3
27098.2
28085.3
30814.4
26037.6
34389.3
17731.2
18515.3
24764.1
30860.9
15861.3
16863.2
20391.3
25560.5
23610.3
27020.9
23753.2
28393.7
34210.5
29423.6
34470.9
21440.2
20141.7
20440.6
31413.3
32694.8
29718.2
27382.6
19055.4
34115.9
15078.8
29836.8
21928.7
33785.2
19823.4
21289.8
34097.6
16471.3
21658.2
25468.7
24139.8
22826
26752.9
23210.9
17258.8
19476.4
23772.5
21755.5
19456.3
25273.1
18102.2
28698.7
25294.3
18172.7
18700.2
17914
16473.8
27355.9
33967
26247.5
32474.6
19235.8
20024.1
19261.5
22003.2
28088.7
22279.3
30710.2
25413.1
22130.2
21340.8
16235.1
24618.8
33123.3
27858.8
24554.5
26178.5
26478.8
23235.9
31517.8
25469.1
32486.7
28816.3
33804.9
17019.6
21045.8
33251.1
27646.8
30760.7
25617.6
25892.7
18934.4
22859.8
23134.9
17536.1
16766.1
18449.9
31958.5
31140.7
28063.7
27329.3
23260.7
29570.5
21000
23147.6
30663.9
26825.6
29255.1
21165.5
33085.7
30590.5
22104.4
24127
28465.3
19847.7
21785.3
32176.6
32175.7
23129.9
34554.7
23582.7
32692
28095.7
27816.4
30889.3
25623
18531.2
18016.7
16996
17952.4
29897.8
15886.3
22477.8
27341.6
20230.9
21958.2
16907.8
16816.5
30651.1
33871.4
19274.2
26090.8
34584.2
21055.3
27587.5
28413.5
23287.2
20358.2
19818.1
29277.9
18460.7
28218.2
21294.8
31638.1
26234.3
25212.4
21670.1
21049.2
21682.9
21975.9
17955.5
34745.6
25129.6
23860.8
23169.4
17526.3
23957.6
22780.7
29642.9
28925.6
15709.8
31575.5
28254
31805.8
20541.3
32666.3
29662.9
27542.5
19584.5
20017.6
20441.9
29010.8
27300.4
32331.3
31374.9
30271.1
28050.2
29387.5
18312.9
32354.3
18303.7
23384.1
32018.5
23726.4
19398.6
25534.3
26051.5
16395.6
28440.4
27685.3
25536.5
31215.6
31969.8
32116.7
32473.8
17500.8
23996.1
17169.1
18892
16326.9
15072.1
30424
20626.2
34442.3
15901
27119.8
15701.6
27000.3
33237.9
32549.4
24598.2
28407.9
18763.1
16935
34156.6
18709.9
23839
22626.5
18867.9
34246
22238.7
16461.9
34526.7
31193.6
23228
24224.8
33719.4
23630.8
30751.6
30393.3
31986.1
27245.9
18329.4
32069.2
24839
21682
18851.2
33028.4
21776.4
16649.2
27138.3
27007.7
18719.9
31346.6
18564
20379.9
26019.4
30478.9
27569.5
22714.8
21969.5
27871.4
33810.5
20485.8
17011
23032.1
29433
23797.3
27079
34058
31109.1
26888
24758.8
32826.5
25567.5
15547.7
15506.7
32265.5
26928.8
23516.3
19680.3
27224.5
20945.5
18820.7
34057.9
32034.5
32217.3
20267.8
32643.7
18631.5
31216.4
29318.1
24341.8
23274.7
33702.7
20810.1
33753.9
20375.3
31802.1
19148.8
21678.4
31037.7
30205.8
23631.1
25030.4
28892.8
16042.4
23866.8
30975
20329
22505.6
15120.9
29592.3
23648.8
31391.8
23084.5
30580.2
22847.8
25417.5
31292.5
27195.3
24054.2
16483.9
15707.8
29405.7
28711.4
21620.4
34002.2
25633.1
20053.6
21739.4
30788.2
25001.2
20716.8
21682.3
23258.3
26535.5
29590
17672.6
31167.9
31480.2
27474.4
21234
17043.2
20864
29006.6
33225.1
30183.7
31075.2
27197.2
17248.6
28421.8
32422.7
19723.2
32864.2
20830.2
26062.3
29544.3
28403
20146.5
25852.5
20478.4
23616.2
29350.5
28032.3
30782.9
17599.8
24314
16068.5
20130
31258.7
25331.6
29078.6
18272.3
23184.7
33730.1
34747.1
27569.5
23724.1
24536.1
25243.7
24653.4
17830
30404.3
19636.9
23664.2
23029.5
30480.3
29024.5
33206.6
29752.1
23890.2
28949.5
16347.7
19967.3
29052.3
21411.6
31253.3
23304
29887.1
24049.5
33993.2
30527.6
23432.7
25372.1
31587.6
26106.7
25158.3
17275.8
17652.4
29952.2
33423
32534.9
34619.3
24167.2
16236
29226.7
34557.8
19102.1
26043.5
29890.5
19960.3
21359.8
25525.7
16604.2
23829.3
26001.6
29357.2
24999
20583.3
34620.5
25939
27218.6
15816.6
27431.5
24253.6
21969.2
27026.7
32125
28149.1
17416.5
33347.8
33265.1
24631.2
30209
33905.3
23860
27502.8
31880.2
23530.8
22684.7
29844.9
23962.2
34347.6
33223.5
25033
32292.5
34149.6
30137.1
34608.3
26511.4
31589.4
26038.2
20540.2
20023.1
16443.8
25422.5
20954.4
17326.6
32258.6
31975.4
34057
24480.9
32726.3
25520.9
26461
31205.4
28923.1
26264.3
34516.8
32826
33788.5
32565.5
20885.9
19982.9
23603.8
30029.2
31590.6
16492.7
20537.2
27124.5
23880.1
31197
27795
34210.3
31092
22709.4
17504.6
32500.9
20031.4
15193.1
32280.1
30271.4
21030.2
30134
30010.3
19230.3
30451.8
31195.5
20774.2
22553.5
29706.6
19463.2
24121
29342.3
28734.3
31264.4
34521.8
18893.6
25360.1
21044.6
25560.6
24789.8
15370.6
26615.8
30870.8
16869.5
34562.3
34194.2
25253.2
27460.6
23000.4
33526.8
32791.5
28823.9
34290.1
32766.2
23260.2
24848.1
34780.3
21442.3
16633.7
34846
33144
31714.3
17640.8
23423.6
19769.4
17794.8
29559.4
23245.4
29858.8
34156
22107.7
31506.4
17888.8
16682.3
25830.2
29335.6
33149.9
17831.5
23543
20707.7
32572.4
31218.4
34463
29818
17434.5
19986.8
25743.9
27677.2
25297.1
34489.1
16903.5
24164.2
32223.7
17575
25804.6
19556.1
23829
15786.8
24060.6
25969.8
23747.4
34656
22677.9
17803.8
33738.8
20225.9
17559.9
15790.7
33773.6
24367.7
20044.6
33135.5
28545.7
16768.4
16750.2
28777.2
22682.3
22499
23191.3
27682.7
27137.5
34129.2
31398.5
20344
32636.2
28458.7
22723.1
32886.9
34240.7
22616.6
26798.1
27202.4
16082
31120.2
25185.1
24397.8
33694.8
15770.2
15564.9
26483.2
26566.5
28400.4
26157.9
15786.6
29581.6
23360.6
19349.5
22026.2
20825.7
32063.4
31335.1
26510.2
27248.2
17878.5
19866.4
31755.4
28016.7
18840.5
28827.4
23767.7
18118.9
28735.1
28124.4
22475.6
24530.1
31426.3
23830.9
30910.7
32951.7
29582.8
15667.9
32408
25341.4
24750.9
26059.9
31838.4
25744.2
22222
16074.1
21109.8
34073.6
23539.7
30235.8
31740.8
19358.7
21414.7
24630.4
25699
17218
27287.5
22218.3
17381.8
17623.5
34767.1
26027.3
30227.7
27038
29370.4
20300.4
26808.3
19883
26671.2
24322.1
31881
30112.3
15315.7
29114.6
23925
32516.5
30175.5
34281.5
31144.2
27869.4
19991.7
24214.7
32628.6
24613.1
23320.3
18067.3
24280.4
31876.8
17674.3
28148.9
23523.6
25279.6
22829.6
28224.6
34429.6
18930.6
32174.3
34612.5
32073
26329.7
31329.9
33964
15629.1
25590.7
27535.5
32283.2
17220.2
22466.7
17802.4
16051.4
24605.9
30825.6
18323.5
27491.1
18877.4
21047.3
27405.2
34999
15577.7
28716.1
32586.4
24057.1
23979.9
22527.3
25529.8
23672.4
21066.6
22569.3
27875.7
31335.9
15789.6
30234.2
23797.2
25567.3
19249.2
30187.1
22202.2
28419.8
22362.7
26097.8
34133.9
23688.7
24749.8
33726.2
33357.2
20887.8
18793.4
16321
25707.5
34298.1
18529.5
31538.3
22814.1
30628.9
28052
16632.3
30103.6
22919.3
20059.8
16508.9
28859.6
31812.4
26671.2
28663.4
28437.2
33578.5
26178.7
24745.4
34496.6
23454.2
28024.4
32177.7
29866.5
22352
19219.2
18123
22445.3
17282.6
33730
33537.5
31114.2
25743.4
23632.8
28736.2
32902.1
24857.3
22639.9
18743.5
33764.2
27720.6
25533.7
30604.5
27089.3
31070.9
26364.2
26182.9
31186.3
29987.9
19589.5
34592.4
25428.1
15430
21544.7
17254.2
27129.1
32862.8
16684
19776.8
17861
21635.3
16439.9
34846.6
25441.5
15410.2
23083.2
25434.6
34790.4
23762.7
29776.4
27554.3
23140
23225.3
29522.7
32959
27133.3
18242.3
18850.8
29957.2
34147.8
30936.1
27183.2
30201.7
28626.4
25872.3
17183.7
16065.3
29533.6
21640.3
34533.7
21597.3
27620.2
15855.8
30894.4
28841.9
23837
19632.3
27774.5
19471.9
29522.3
31357.5
22330.3
20355.2
18538.6
31867.4
18283.6
18606
34533.6
22415.9
19594.9
28856.8
20276.9
16164.2
29176.3
31745.7
28680.3
15227.4
21598
17557.6
21994.3
23718.9
17035.9
20882.8
22353.8
27535.3
24473.2
28476.7
28607.1
20996.9
33411.9
24544.7
20701
22299.3
26769.6
33519.9
21086.1
31943.3
15408.3
25616.7
24555.4
19389.5
21996.5
24873.8
28204.5
18755.9
17991.2
17936.5
18740
32914.1
25408.1
19963.9
20548.2
26002.5
21542.7
22089.4
31756.3
18006.2
24987.6
33815.7
34804.6
31181.2
19211.3
22555
23037.5
34215.3
18748.4
17593.3
20239.4
21378.2
22292.3
29955.4
26130
26789
22216
25040.2
15408.4
26110.8
17522.7
25842.6
30386
23335.9
28064.3
18087.7
19894.9
27672.8
33870.3
21544.1
15411.3
20255.8
25760.3
28282.7
21301.1
17509
29036.6
28997.1
24773.8
27438.4
18303.2
31845
17334.9
32086.1
28371.7
21158.4
31622.2
22338.3
26475.6
20705.4
23278.5
30510.3
27454.3
31410.2
31782.7
19640.9
22053.4
30707.3
28049.6
22704.1
25946.9
28716.7
28746.5
21252.2
29840.6
21036
24489.6
20691.7
32805.2
28298.4
20652.8
31553.1
29459.3
31062.5
22680.5
19810
21741.7
22689.6
22808.6
18446.4
30855.4
31260.8
21526.9
30488
16889.4
24936.2
15435.9
18500.1
24140.3
27908.1
26604
25703.1
18785.7
34540
23189.1
15881.3
17216.1
27469.2
27002
23045.8
22264.8
34634.4
19687.5
28110.3
25768.4
25291.4
16686.2
20043.6
24489.7
28193
34710.6
16915.1
25165.2
18664.4
25002.6
29644.4
19826.7
19153.3
17359.7
29270.8
23050.6
25566.6
17120.7
17450.6
30418.9
21801.9
32251.3
29125.6
33746.5
17548.9
34966.3
25470.9
32765.1
20468.7
21816.9
19803.1
28882.3
22920.7
17017.5
22985.4
17414.5
27166.6
17749
29323.2
34896.6
16136
15509.1
24834.9
17140.7
29285.4
29010
33940.6
28431.2
27490.2
30900.6
16998.7
29003.1
15372.5
31293.8
30547.8
33706.6
27692.5
24511.2
32607.6
17079.6
31403.1
27722.8
20244
27002
24310.2
32191.5
18216.4
19448.7
32312.1
25619.3
18030.3
25470.6
23486.8
20171.7
33062.4
29245.5
33274.1
21163.7
20661.6
23905.2
34122.7
33529
26352.1
21053
27279
23939.7
33502.3
29721.2
34994.5
22440.9
22746.2
25046.3
22519.8
26525.9
15093
16447.9
27395.8
31655.2
21834.2
29801.2
32057.3
25082.5
32946.8
30498.1
27065.5
23667.1
27715.4
28099.8
32874.8
21700.6
29349.7
19151.1
18642.8
22354.4
23260.6
30710.5
20192.8
26630.3
16228.3
26133.4
29941.1
22980.6
25005
33912.1
29894.1
27286
15224.4
24509.1
21212.4
24975.3
26332.7
22674.8
21877.1
27207.7
30277.5
26524.4
26930.3
33566
26955.2
23810
18650.1
17719.7
27685.2
19015.9
23176
34799.1
24446.5
16008.7
20487.4
23234.2
31451.8
34324.7
34059.6
19306.2
29892
18663.3
25963
24188.9
28827
34587.6
20072.6
26879.3
27123.7
30436.1
25214.1
30849.3
24910.2
21231.1
34594.7
28124.4
32503
25836.7
25518.7
21781
20545
31415.6
28598.5
24028.2
31534.9
29503.3
17541.6
29704.6
30940.8
29733.4
26326.8
32282.5
19128.8
19550.3
20831
17392
21658.3
29392.5
30406.7
28215.9
23903
20810.6
34949.8
32446.8
32667.9
28734.1
29987.7
19201.9
28686
27517.3
23860.5
22034.2
24413.9
23216.3
29568.3
20783.1
27776.6
27965.6
16457.3
31295.5
33729
27480.4
34276
33819.1
24645.5
33918
29188.6
29293.9
26008.2
31841.2
29085.4
25606.5
33459.2
27100
31992.7
32654.8
17722.8
17489.7
28138.7
28498.2
18433.9
20992.5
28402.5
27543.6
31257.3
33542.5
28598.1
15506.5
20372.2
28000.1
29966.4
26292.8
20152.8
33083.6
31917.1
27745.3
26017
27097.8
26580.1
19446.7
22126.7
29647.8
21458.6
24441
21397
24606.2
27194.8
17660.8
15888.6
31666.3
26597.5
23130
21564.3
15230.7
20925.1
17661.4
27993.4
33439.3
20228.1
25463.1
29001.3
34976.8
27930.4
20020.4
27808.9
24984.8
28034.9
27732.4
21291.8
15341.1
26699.3
15833.3
25504.3
24257
20898.1
15825.8
27341
23762.9
18608.3
30474
28980
22097.6
19511.8
34936.1
29198.7
17781.5
15872.7
22179.9
16701.1
22991.9
26930.8
29094.3
23460.6
15167.2
22883
18433.5
25633.6
34910.7
31267
15333.4
28136.2
17684.9
19741.8
33913.2
31250.6
22354.2
16599.8
27200.2
32263.6
26837.4
30051.6
15063
20057.1
28430
29664.3
25814.5
34519.7
30492.5
25513.6
30161.6
17158.9
18604.1
22230.8
33714.7
20728.2
22747.3
15949.9
26089
22933.1
27794.2
32629.1
30070.9
32728.5
27750.7
28511.2
21617.8
21429
19713.3
20919.6
18602.5
22478.5
25834.1
34289.5
18170.8
30641.4
34469.6
26850.4
34960.5
17359.3
31442
34532.6
29553.5
19917.5
34700
22437.9
27266.5
29640
30568.7
29663
27779.7
26947.8
27903
21047
32111.8
18811.7
34763.7
33574.7
25779
27408.9
32456.7
28890.7
22875.5
28772.4
17796.3
15479.3
27151.3
28712.6
34000.8
21562.5
30291.7
25511.8
32840.6
23709.6
20801.4
31962.1
19036.8
17849.3
30999.6
29978.6
31377.2
24135.8
32602.9
15894.3
16847.5
22426.1
20614.3
23599.7
20349.4
26688
20639.5
34328.6
15804.1
18856.9
27597
18180
15286.5
25877.4
25997.3
20004.4
29526.8
25010.1
26267.9
28019.6
29689.7
17110.7
27215.9
29323.2
18612.3
17340
31343.4
31376.9
20497
28168.4
21693.7
21233.9
15301.8
34568.6
31892.8
25010.7
32767.2
28034.8
20556.7
15078.6
32168.8
22983.7
27831.6
19903.3
18770.2
30909.9
23661.2
15032.9
26955.7
25859.3
29016.1
25831.1
33050.3
17546.3
15291.2
20997.3
27948.5
28431.1
15623.7
19898.2
29623.9
15088.4
24322.9
19184.3
20050.4
32228.7
16486.2
22123.5
19835.2
30524.2
33814.2
29175.1
27529
23106.3
31677
34983.9
34879
33744.8
29115.8
15804.3
23161.9
15511.4
34338.2
26745.9
20891.1
30066.5
33422.9
34239.4
32058
29210.3
22369.4
18503.4
29897
30443.7
24862.7
28853
32085.3
30294.7
30786.4
18952.7
23645.2
21275.9
31982.3
19075.8
20859.3
30189.7
27502.5
21365.2
18584.9
19153.1
26812.4
22776.2
33059.9
20932.4
28814.1
24513.5
27429.5
25600.2
23218.3
20312.3
31071.8
26831.6
18324.9
31077.2
21727.2
25230.2
20712.1
20868.4
20233
27540.4
32080.6
20511.3
26387.6
30668.5
34103.5
18325.6
34302.2
24327.3
27942.2
19283.6
33731.2
22493.6
18828.3
21830.2
26091.4
24504.1
27890.3
33715.4
17316.2
22887.6
26241.3
31038.4
30761.3
22598.4
33879
27920.2
24828.1
30227.2
27243.7
30024.7
24084.8
20987.2
22614.2
34567.5
18343.2
27900.1
34377.7
21350.8
28841.9
